0.000 0.0 0.05514705882352941 0.19117647058823528 0.7536764705882353
0.500 0.0 0.05514705882352941 0.19117647058823528 0.7536764705882353
1.000 0.0 0.05514705882352941 0.19117647058823528 0.7536764705882353
1.500 0.0 0.05514705882352941 0.19852941176470587 0.7463235294117647
2.000 0.0 0.04411764705882353 0.21323529411764705 0.7426470588235294
2.500 0.0 0.04411764705882353 0.22426470588235295 0.7316176470588235
3.000 0.0 0.051470588235294115 0.23529411764705882 0.7132352941176471
3.500 0.0 0.0661764705882353 0.22794117647058823 0.7058823529411765
4.000 0.0 0.06985294117647059 0.22426470588235295 0.7058823529411765
4.500 0.0 0.07352941176470588 0.2426470588235294 0.6838235294117647
5.000 0.0 0.08823529411764706 0.23161764705882354 0.6801470588235294
5.500 0.0 0.09191176470588236 0.23897058823529413 0.6691176470588235
6.000 0.0 0.09558823529411764 0.2426470588235294 0.6617647058823529
6.500 0.0 0.09191176470588236 0.24632352941176472 0.6617647058823529
7.000 0.0 0.10661764705882353 0.23897058823529413 0.6544117647058824
7.500 0.0 0.125 0.23161764705882354 0.6433823529411765
8.000 0.0 0.12867647058823528 0.23897058823529413 0.6323529411764706
8.500 0.0 0.14338235294117646 0.24632352941176472 0.6102941176470589
9.000 0.0 0.14705882352941177 0.2536764705882353 0.5992647058823529
9.500 0.0 0.16176470588235295 0.25 0.5882352941176471
10.000 0.0 0.17647058823529413 0.23897058823529413 0.5845588235294118
10.500 0.0 0.1801470588235294 0.23161764705882354 0.5882352941176471
11.000 0.0 0.18382352941176472 0.2426470588235294 0.5735294117647058
11.500 0.0 0.1948529411764706 0.2426470588235294 0.5625
12.000 0.0 0.1948529411764706 0.2536764705882353 0.5514705882352942
12.500 0.0 0.20955882352941177 0.2536764705882353 0.5367647058823529
13.000 0.0 0.21323529411764705 0.25735294117647056 0.5294117647058824
13.500 0.0 0.22058823529411764 0.25735294117647056 0.5220588235294118
14.000 0.0 0.22058823529411764 0.25735294117647056 0.5220588235294118
14.500 0.0 0.23529411764705882 0.24632352941176472 0.5183823529411765
15.000 0.0 0.23161764705882354 0.25735294117647056 0.5110294117647058
15.500 0.0 0.23161764705882354 0.25735294117647056 0.5110294117647058
16.000 0.0 0.23897058823529413 0.2536764705882353 0.5073529411764706
16.500 0.0 0.2426470588235294 0.25 0.5073529411764706
17.000 0.0 0.2536764705882353 0.2610294117647059 0.4852941176470588
17.500 0.0 0.25 0.2867647058823529 0.4632352941176471
18.000 0.0 0.2536764705882353 0.2867647058823529 0.45955882352941174
18.500 0.0 0.2536764705882353 0.3125 0.4338235294117647
19.000 0.0 0.27941176470588236 0.2977941176470588 0.4227941176470588
19.500 0.0 0.29044117647058826 0.29411764705882354 0.41544117647058826
20.000 0.0 0.2977941176470588 0.30514705882352944 0.39705882352941174
20.500 0.0 0.29411764705882354 0.31985294117647056 0.3860294117647059
21.000 0.0 0.30514705882352944 0.31985294117647056 0.375
21.500 0.0 0.30514705882352944 0.31985294117647056 0.375
22.000 0.0 0.3014705882352941 0.31985294117647056 0.3786764705882353
22.500 0.0 0.30514705882352944 0.30514705882352944 0.3897058823529412
23.000 0.0 0.3161764705882353 0.2977941176470588 0.3860294117647059
23.500 0.0 0.3088235294117647 0.29411764705882354 0.39705882352941174
24.000 0.0 0.31985294117647056 0.28308823529411764 0.39705882352941174
24.500 0.0 0.3161764705882353 0.27941176470588236 0.40441176470588236
25.000 0.0 0.3125 0.29044117647058826 0.39705882352941174
25.500 0.0 0.3088235294117647 0.29044117647058826 0.4007352941176471
26.000 0.0 0.3161764705882353 0.29044117647058826 0.39338235294117646
26.500 0.0 0.3161764705882353 0.29044117647058826 0.39338235294117646
27.000 0.0 0.31985294117647056 0.29044117647058826 0.3897058823529412
27.500 0.0 0.3161764705882353 0.3088235294117647 0.375
28.000 0.0 0.3272058823529412 0.29411764705882354 0.3786764705882353
28.500 0.0 0.33088235294117646 0.2867647058823529 0.38235294117647056
29.000 0.0 0.3382352941176471 0.28308823529411764 0.3786764705882353
29.500 0.0 0.3382352941176471 0.2757352941176471 0.3860294117647059
30.000 0.0 0.3492647058823529 0.28308823529411764 0.36764705882352944
30.500 0.0 0.3639705882352941 0.27941176470588236 0.35661764705882354
31.000 0.0 0.3639705882352941 0.2867647058823529 0.3492647058823529
31.500 0.0 0.3713235294117647 0.2867647058823529 0.34191176470588236
32.000 0.0 0.375 0.28308823529411764 0.34191176470588236
32.500 0.0 0.3786764705882353 0.27941176470588236 0.34191176470588236
33.000 0.0 0.38235294117647056 0.27941176470588236 0.3382352941176471
33.500 0.0 0.3860294117647059 0.29411764705882354 0.31985294117647056
34.000 0.0 0.39705882352941174 0.28308823529411764 0.31985294117647056
34.500 0.0 0.39338235294117646 0.2867647058823529 0.31985294117647056
35.000 0.0 0.40441176470588236 0.28308823529411764 0.3125
35.500 0.0 0.4117647058823529 0.26838235294117646 0.31985294117647056
36.000 0.0 0.4117647058823529 0.2647058823529412 0.3235294117647059
36.500 0.0 0.40441176470588236 0.27941176470588236 0.3161764705882353
37.000 0.0 0.41544117647058826 0.27941176470588236 0.30514705882352944
37.500 0.0 0.4227941176470588 0.2757352941176471 0.3014705882352941
38.000 0.0 0.4117647058823529 0.2977941176470588 0.29044117647058826
38.500 0.0 0.41911764705882354 0.2867647058823529 0.29411764705882354
39.000 0.0 0.41911764705882354 0.27941176470588236 0.3014705882352941
39.500 0.0 0.4227941176470588 0.29411764705882354 0.28308823529411764
40.000 0.0 0.4411764705882353 0.2757352941176471 0.28308823529411764
40.500 0.0 0.4375 0.2867647058823529 0.2757352941176471
41.000 0.0 0.4375 0.29411764705882354 0.26838235294117646
41.500 0.0 0.4338235294117647 0.2977941176470588 0.26838235294117646
42.000 0.0 0.4227941176470588 0.3125 0.2647058823529412
42.500 0.0 0.4264705882352941 0.3125 0.2610294117647059
43.000 0.0 0.4227941176470588 0.3161764705882353 0.2610294117647059
43.500 0.0 0.41911764705882354 0.3088235294117647 0.27205882352941174
44.000 0.0 0.40808823529411764 0.31985294117647056 0.27205882352941174
44.500 0.0 0.4117647058823529 0.31985294117647056 0.26838235294117646
45.000 0.0 0.41911764705882354 0.3125 0.26838235294117646
45.500 0.0 0.41911764705882354 0.3088235294117647 0.27205882352941174
46.000 0.0 0.41911764705882354 0.30514705882352944 0.2757352941176471
46.500 0.0 0.4264705882352941 0.2977941176470588 0.2757352941176471
47.000 0.0 0.4264705882352941 0.29411764705882354 0.27941176470588236
47.500 0.0 0.41911764705882354 0.3014705882352941 0.27941176470588236
48.000 0.0 0.4227941176470588 0.3014705882352941 0.2757352941176471
48.500 0.0 0.4264705882352941 0.29411764705882354 0.27941176470588236
49.000 0.0 0.4375 0.29044117647058826 0.27205882352941174
49.500 0.0 0.4411764705882353 0.29044117647058826 0.26838235294117646
50.000 0.0 0.45588235294117646 0.27941176470588236 0.2647058823529412
50.500 0.0 0.4522058823529412 0.28308823529411764 0.2647058823529412
51.000 0.0 0.45588235294117646 0.2757352941176471 0.26838235294117646
51.500 0.0 0.4522058823529412 0.29411764705882354 0.2536764705882353
52.000 0.0 0.45588235294117646 0.2867647058823529 0.25735294117647056
52.500 0.0 0.4485294117647059 0.29044117647058826 0.2610294117647059
53.000 0.0 0.4522058823529412 0.29411764705882354 0.2536764705882353
53.500 0.0 0.4522058823529412 0.3088235294117647 0.23897058823529413
54.000 0.0 0.4522058823529412 0.30514705882352944 0.2426470588235294
54.500 0.0 0.4485294117647059 0.3125 0.23897058823529413
55.000 0.0 0.4632352941176471 0.3088235294117647 0.22794117647058823
55.500 0.0 0.46691176470588236 0.30514705882352944 0.22794117647058823
56.000 0.0 0.4742647058823529 0.2977941176470588 0.22794117647058823
56.500 0.0 0.4742647058823529 0.2977941176470588 0.22794117647058823
57.000 0.0 0.4852941176470588 0.29044117647058826 0.22426470588235295
57.500 0.0 0.49264705882352944 0.2867647058823529 0.22058823529411764
58.000 0.0 0.4889705882352941 0.29411764705882354 0.21691176470588236
58.500 0.0 0.4889705882352941 0.29044117647058826 0.22058823529411764
59.000 0.0 0.4852941176470588 0.2867647058823529 0.22794117647058823
59.500 0.0 0.4852941176470588 0.29411764705882354 0.22058823529411764
60.000 0.0 0.49264705882352944 0.29044117647058826 0.21691176470588236
60.500 0.0 0.4963235294117647 0.2757352941176471 0.22794117647058823
61.000 0.0 0.5036764705882353 0.26838235294117646 0.22794117647058823
61.500 0.0 0.5147058823529411 0.2536764705882353 0.23161764705882354
62.000 0.0 0.5073529411764706 0.25735294117647056 0.23529411764705882
62.500 0.0 0.5036764705882353 0.2647058823529412 0.23161764705882354
63.000 0.0 0.5147058823529411 0.2536764705882353 0.23161764705882354
63.500 0.0 0.5220588235294118 0.24632352941176472 0.23161764705882354
64.000 0.0 0.5110294117647058 0.25 0.23897058823529413
64.500 0.0 0.5110294117647058 0.2610294117647059 0.22794117647058823
65.000 0.0 0.5036764705882353 0.27941176470588236 0.21691176470588236
65.500 0.0 0.5073529411764706 0.27941176470588236 0.21323529411764705
66.000 0.0 0.5110294117647058 0.2757352941176471 0.21323529411764705
66.500 0.0 0.5147058823529411 0.2757352941176471 0.20955882352941177
67.000 0.0 0.5110294117647058 0.27941176470588236 0.20955882352941177
67.500 0.0 0.5147058823529411 0.2757352941176471 0.20955882352941177
68.000 0.0 0.5257352941176471 0.27205882352941174 0.20220588235294118
68.500 0.0 0.5220588235294118 0.27941176470588236 0.19852941176470587
69.000 0.0 0.5220588235294118 0.2867647058823529 0.19117647058823528
69.500 0.0 0.5220588235294118 0.28308823529411764 0.1948529411764706
70.000 0.0 0.5183823529411765 0.29044117647058826 0.19117647058823528
70.500 0.0 0.5183823529411765 0.3014705882352941 0.1801470588235294
71.000 0.0 0.5147058823529411 0.3088235294117647 0.17647058823529413
71.500 0.0 0.4963235294117647 0.33088235294117646 0.17279411764705882
72.000 0.0 0.5 0.3235294117647059 0.17647058823529413
72.500 0.0 0.5073529411764706 0.3125 0.1801470588235294
73.000 0.0 0.5073529411764706 0.3161764705882353 0.17647058823529413
73.500 0.0 0.5110294117647058 0.3088235294117647 0.1801470588235294
74.000 0.0 0.5220588235294118 0.29044117647058826 0.1875
74.500 0.0 0.5147058823529411 0.2977941176470588 0.1875
75.000 0.0 0.4963235294117647 0.3161764705882353 0.1875
75.500 0.0 0.5036764705882353 0.3088235294117647 0.1875
76.000 0.0 0.5147058823529411 0.2977941176470588 0.1875
76.500 0.0 0.5110294117647058 0.3014705882352941 0.1875
77.000 0.0 0.5073529411764706 0.29411764705882354 0.19852941176470587
77.500 0.0 0.5220588235294118 0.27941176470588236 0.19852941176470587
78.000 0.0 0.5147058823529411 0.28308823529411764 0.20220588235294118
78.500 0.0 0.5147058823529411 0.2757352941176471 0.20955882352941177
79.000 0.0 0.5110294117647058 0.27941176470588236 0.20955882352941177
79.500 0.0 0.5110294117647058 0.2757352941176471 0.21323529411764705
80.000 0.0 0.5073529411764706 0.2867647058823529 0.20588235294117646
80.500 0.0 0.5036764705882353 0.29411764705882354 0.20220588235294118
81.000 0.0 0.5036764705882353 0.29411764705882354 0.20220588235294118
81.500 0.0 0.5036764705882353 0.29411764705882354 0.20220588235294118
82.000 0.0 0.5036764705882353 0.2977941176470588 0.19852941176470587
82.500 0.0 0.5073529411764706 0.29411764705882354 0.19852941176470587
83.000 0.0 0.5147058823529411 0.29411764705882354 0.19117647058823528
83.500 0.0 0.5257352941176471 0.28308823529411764 0.19117647058823528
84.000 0.0 0.5330882352941176 0.27205882352941174 0.1948529411764706
84.500 0.0 0.5330882352941176 0.26838235294117646 0.19852941176470587
85.000 0.0 0.5367647058823529 0.2610294117647059 0.20220588235294118
85.500 0.0 0.5404411764705882 0.2610294117647059 0.19852941176470587
86.000 0.0 0.5294117647058824 0.2757352941176471 0.1948529411764706
86.500 0.0 0.5367647058823529 0.2757352941176471 0.1875
87.000 0.0 0.5404411764705882 0.26838235294117646 0.19117647058823528
87.500 0.0 0.5477941176470589 0.25735294117647056 0.1948529411764706
88.000 0.0 0.5441176470588235 0.26838235294117646 0.1875
88.500 0.0 0.5514705882352942 0.2536764705882353 0.1948529411764706
89.000 0.0 0.5551470588235294 0.2536764705882353 0.19117647058823528
89.500 0.0 0.5588235294117647 0.25735294117647056 0.18382352941176472
90.000 0.0 0.5661764705882353 0.25735294117647056 0.17647058823529413
90.500 0.0 0.5735294117647058 0.2610294117647059 0.16544117647058823
91.000 0.0 0.5698529411764706 0.2610294117647059 0.16911764705882354
91.500 0.0 0.5698529411764706 0.25735294117647056 0.17279411764705882
92.000 0.0 0.5772058823529411 0.25735294117647056 0.16544117647058823
92.500 0.0 0.5808823529411765 0.25 0.16911764705882354
93.000 0.0 0.5735294117647058 0.26838235294117646 0.15808823529411764
93.500 0.0 0.5661764705882353 0.27941176470588236 0.15441176470588236
94.000 0.0 0.5698529411764706 0.2757352941176471 0.15441176470588236
94.500 0.0 0.5588235294117647 0.28308823529411764 0.15808823529411764
95.000 0.0 0.5625 0.27941176470588236 0.15808823529411764
95.500 0.0 0.5698529411764706 0.2757352941176471 0.15441176470588236
96.000 0.0 0.5661764705882353 0.28308823529411764 0.15073529411764705
96.500 0.0 0.5698529411764706 0.2757352941176471 0.15441176470588236
97.000 0.0 0.5698529411764706 0.27941176470588236 0.15073529411764705
97.500 0.0 0.5845588235294118 0.2610294117647059 0.15441176470588236
98.000 0.0 0.5845588235294118 0.2647058823529412 0.15073529411764705
98.500 0.0 0.5845588235294118 0.2610294117647059 0.15441176470588236
99.000 0.0 0.5882352941176471 0.25735294117647056 0.15441176470588236
99.500 0.0 0.5882352941176471 0.25735294117647056 0.15441176470588236
100.000 0.0 0.5919117647058824 0.25735294117647056 0.15073529411764705
100.500 0.0 0.5919117647058824 0.2536764705882353 0.15441176470588236
101.000 0.0 0.5955882352941176 0.25 0.15441176470588236
101.500 0.0 0.5882352941176471 0.25 0.16176470588235295
102.000 0.0 0.5808823529411765 0.2647058823529412 0.15441176470588236
102.500 0.0 0.5735294117647058 0.27205882352941174 0.15441176470588236
103.000 0.0 0.5772058823529411 0.2647058823529412 0.15808823529411764
103.500 0.0 0.5772058823529411 0.2647058823529412 0.15808823529411764
104.000 0.0 0.5882352941176471 0.25 0.16176470588235295
104.500 0.0 0.5919117647058824 0.23897058823529413 0.16911764705882354
105.000 0.0 0.5919117647058824 0.23897058823529413 0.16911764705882354
105.500 0.0 0.5919117647058824 0.2426470588235294 0.16544117647058823
106.000 0.0 0.6102941176470589 0.22426470588235295 0.16544117647058823
106.500 0.0 0.6176470588235294 0.21323529411764705 0.16911764705882354
107.000 0.0 0.6029411764705882 0.23161764705882354 0.16544117647058823
107.500 0.0 0.6029411764705882 0.23897058823529413 0.15808823529411764
108.000 0.0 0.6029411764705882 0.23897058823529413 0.15808823529411764
108.500 0.0 0.5992647058823529 0.2426470588235294 0.15808823529411764
109.000 0.0 0.6102941176470589 0.22426470588235295 0.16544117647058823
109.500 0.0 0.6139705882352942 0.22058823529411764 0.16544117647058823
110.000 0.0 0.6066176470588235 0.22794117647058823 0.16544117647058823
110.500 0.0 0.6029411764705882 0.23161764705882354 0.16544117647058823
111.000 0.0 0.5919117647058824 0.24632352941176472 0.16176470588235295
111.500 0.0 0.6029411764705882 0.23897058823529413 0.15808823529411764
112.000 0.0 0.5992647058823529 0.23897058823529413 0.16176470588235295
112.500 0.0 0.5992647058823529 0.23529411764705882 0.16544117647058823
113.000 0.0 0.5992647058823529 0.22794117647058823 0.17279411764705882
113.500 0.0 0.6066176470588235 0.22426470588235295 0.16911764705882354
114.000 0.0 0.6176470588235294 0.20588235294117646 0.17647058823529413
114.500 0.0 0.6139705882352942 0.22058823529411764 0.16544117647058823
115.000 0.0 0.6139705882352942 0.22058823529411764 0.16544117647058823
115.500 0.0 0.6139705882352942 0.21691176470588236 0.16911764705882354
116.000 0.0 0.6139705882352942 0.21691176470588236 0.16911764705882354
116.500 0.0 0.6139705882352942 0.20955882352941177 0.17647058823529413
117.000 0.0 0.6139705882352942 0.20588235294117646 0.1801470588235294
117.500 0.0 0.6066176470588235 0.21323529411764705 0.1801470588235294
118.000 0.0 0.6029411764705882 0.21691176470588236 0.1801470588235294
118.500 0.0 0.5955882352941176 0.22426470588235295 0.1801470588235294
119.000 0.0 0.6029411764705882 0.21691176470588236 0.1801470588235294
119.500 0.0 0.6029411764705882 0.22058823529411764 0.17647058823529413
120.000 0.0 0.6029411764705882 0.21691176470588236 0.1801470588235294
120.500 0.0 0.6029411764705882 0.21691176470588236 0.1801470588235294
121.000 0.0 0.5992647058823529 0.22058823529411764 0.1801470588235294
121.500 0.0 0.5992647058823529 0.22426470588235295 0.17647058823529413
122.000 0.0 0.5919117647058824 0.23161764705882354 0.17647058823529413
122.500 0.0 0.5772058823529411 0.2426470588235294 0.1801470588235294
123.000 0.0 0.5698529411764706 0.24632352941176472 0.18382352941176472
123.500 0.0 0.5808823529411765 0.23161764705882354 0.1875
124.000 0.0 0.5808823529411765 0.23529411764705882 0.18382352941176472
124.500 0.0 0.5882352941176471 0.22426470588235295 0.1875
125.000 0.0 0.5882352941176471 0.22794117647058823 0.18382352941176472
125.500 0.0 0.5882352941176471 0.22794117647058823 0.18382352941176472
126.000 0.0 0.5845588235294118 0.23529411764705882 0.1801470588235294
126.500 0.0 0.5882352941176471 0.23897058823529413 0.17279411764705882
127.000 0.0 0.6029411764705882 0.22794117647058823 0.16911764705882354
127.500 0.0 0.6029411764705882 0.23161764705882354 0.16544117647058823
128.000 0.0 0.6029411764705882 0.22794117647058823 0.16911764705882354
128.500 0.0 0.5955882352941176 0.23529411764705882 0.16911764705882354
129.000 0.0 0.6029411764705882 0.22794117647058823 0.16911764705882354
129.500 0.0 0.6029411764705882 0.23161764705882354 0.16544117647058823
130.000 0.0 0.5992647058823529 0.23529411764705882 0.16544117647058823
130.500 0.0 0.6066176470588235 0.22058823529411764 0.17279411764705882
131.000 0.0 0.6102941176470589 0.21323529411764705 0.17647058823529413
131.500 0.0 0.6102941176470589 0.21323529411764705 0.17647058823529413
132.000 0.0 0.6139705882352942 0.21691176470588236 0.16911764705882354
132.500 0.0 0.6102941176470589 0.21323529411764705 0.17647058823529413
133.000 0.0 0.6176470588235294 0.20588235294117646 0.17647058823529413
133.500 0.0 0.625 0.19852941176470587 0.17647058823529413
134.000 0.0 0.625 0.19852941176470587 0.17647058823529413
134.500 0.0 0.625 0.19852941176470587 0.17647058823529413
135.000 0.0 0.625 0.1948529411764706 0.1801470588235294
135.500 0.0 0.625 0.19117647058823528 0.18382352941176472
136.000 0.0 0.6286764705882353 0.19117647058823528 0.1801470588235294
136.500 0.0 0.625 0.1948529411764706 0.1801470588235294
137.000 0.0 0.625 0.19117647058823528 0.18382352941176472
137.500 0.0 0.6213235294117647 0.19117647058823528 0.1875
138.000 0.0 0.6213235294117647 0.1875 0.19117647058823528
138.500 0.0 0.6286764705882353 0.1875 0.18382352941176472
139.000 0.0 0.6360294117647058 0.1801470588235294 0.18382352941176472
139.500 0.0 0.6397058823529411 0.1801470588235294 0.1801470588235294
140.000 0.0 0.6286764705882353 0.1875 0.18382352941176472
140.500 0.0 0.6323529411764706 0.19117647058823528 0.17647058823529413
141.000 0.0 0.6213235294117647 0.20588235294117646 0.17279411764705882
141.500 0.0 0.625 0.20588235294117646 0.16911764705882354
142.000 0.0 0.6213235294117647 0.20955882352941177 0.16911764705882354
142.500 0.0 0.6213235294117647 0.20588235294117646 0.17279411764705882
143.000 0.0 0.6139705882352942 0.22794117647058823 0.15808823529411764
143.500 0.0 0.6139705882352942 0.23897058823529413 0.14705882352941177
144.000 0.0 0.6139705882352942 0.25 0.13602941176470587
144.500 0.0 0.6176470588235294 0.24632352941176472 0.13602941176470587
145.000 0.0 0.6286764705882353 0.2426470588235294 0.12867647058823528
145.500 0.0 0.625 0.2426470588235294 0.1323529411764706
146.000 0.0 0.6360294117647058 0.23529411764705882 0.12867647058823528
146.500 0.0 0.6286764705882353 0.23529411764705882 0.13602941176470587
147.000 0.0 0.6286764705882353 0.22794117647058823 0.14338235294117646
147.500 0.0 0.6323529411764706 0.22058823529411764 0.14705882352941177
148.000 0.0 0.6323529411764706 0.20955882352941177 0.15808823529411764
148.500 0.0 0.625 0.21323529411764705 0.16176470588235295
149.000 0.0 0.6286764705882353 0.21691176470588236 0.15441176470588236
149.500 0.0 0.6286764705882353 0.22426470588235295 0.14705882352941177
150.000 0.0 0.6323529411764706 0.21691176470588236 0.15073529411764705
150.500 0.0 0.6360294117647058 0.21691176470588236 0.14705882352941177
151.000 0.0 0.6286764705882353 0.21691176470588236 0.15441176470588236
151.500 0.0 0.6323529411764706 0.20955882352941177 0.15808823529411764
152.000 0.0 0.6286764705882353 0.22058823529411764 0.15073529411764705
152.500 0.0 0.625 0.22794117647058823 0.14705882352941177
153.000 0.0 0.6213235294117647 0.23161764705882354 0.14705882352941177
153.500 0.0 0.625 0.22794117647058823 0.14705882352941177
154.000 0.0 0.625 0.22794117647058823 0.14705882352941177
154.500 0.0 0.6360294117647058 0.21323529411764705 0.15073529411764705
155.000 0.0 0.6323529411764706 0.20955882352941177 0.15808823529411764
155.500 0.0 0.6286764705882353 0.20955882352941177 0.16176470588235295
156.000 0.0 0.625 0.21691176470588236 0.15808823529411764
156.500 0.0 0.6213235294117647 0.21691176470588236 0.16176470588235295
157.000 0.0 0.6139705882352942 0.22058823529411764 0.16544117647058823
157.500 0.0 0.6213235294117647 0.22058823529411764 0.15808823529411764
158.000 0.0 0.6213235294117647 0.21691176470588236 0.16176470588235295
158.500 0.0 0.6213235294117647 0.22058823529411764 0.15808823529411764
159.000 0.0 0.6176470588235294 0.22058823529411764 0.16176470588235295
159.500 0.0 0.6066176470588235 0.23161764705882354 0.16176470588235295
160.000 0.0 0.5992647058823529 0.2426470588235294 0.15808823529411764
160.500 0.0 0.5955882352941176 0.24632352941176472 0.15808823529411764
161.000 0.0 0.6029411764705882 0.23161764705882354 0.16544117647058823
161.500 0.0 0.5992647058823529 0.2426470588235294 0.15808823529411764
162.000 0.0 0.6066176470588235 0.23897058823529413 0.15441176470588236
162.500 0.0 0.6176470588235294 0.23161764705882354 0.15073529411764705
163.000 0.0 0.625 0.21691176470588236 0.15808823529411764
163.500 0.0 0.6176470588235294 0.22794117647058823 0.15441176470588236
164.000 0.0 0.6102941176470589 0.23897058823529413 0.15073529411764705
164.500 0.0 0.6102941176470589 0.23161764705882354 0.15808823529411764
165.000 0.0 0.6213235294117647 0.22426470588235295 0.15441176470588236
165.500 0.0 0.6176470588235294 0.22794117647058823 0.15441176470588236
166.000 0.0 0.6102941176470589 0.24632352941176472 0.14338235294117646
166.500 0.0 0.6176470588235294 0.2426470588235294 0.13970588235294118
167.000 0.0 0.6176470588235294 0.23897058823529413 0.14338235294117646
167.500 0.0 0.6102941176470589 0.25 0.13970588235294118
168.000 0.0 0.6102941176470589 0.2536764705882353 0.13602941176470587
168.500 0.0 0.6029411764705882 0.2536764705882353 0.14338235294117646
169.000 0.0 0.6066176470588235 0.25 0.14338235294117646
169.500 0.0 0.5992647058823529 0.25735294117647056 0.14338235294117646
170.000 0.0 0.6066176470588235 0.24632352941176472 0.14705882352941177
170.500 0.0 0.6176470588235294 0.23161764705882354 0.15073529411764705
171.000 0.0 0.625 0.22794117647058823 0.14705882352941177
171.500 0.0 0.6286764705882353 0.21691176470588236 0.15441176470588236
172.000 0.0 0.6397058823529411 0.20955882352941177 0.15073529411764705
172.500 0.0 0.6470588235294118 0.20588235294117646 0.14705882352941177
173.000 0.0 0.6544117647058824 0.1948529411764706 0.15073529411764705
173.500 0.0 0.6544117647058824 0.19852941176470587 0.14705882352941177
174.000 0.0 0.6544117647058824 0.20588235294117646 0.13970588235294118
174.500 0.0 0.6470588235294118 0.20955882352941177 0.14338235294117646
175.000 0.0 0.6544117647058824 0.20955882352941177 0.13602941176470587
175.500 0.0 0.6433823529411765 0.22426470588235295 0.1323529411764706
176.000 0.0 0.6544117647058824 0.20955882352941177 0.13602941176470587
176.500 0.0 0.6433823529411765 0.23529411764705882 0.1213235294117647
177.000 0.0 0.6360294117647058 0.24632352941176472 0.11764705882352941
177.500 0.0 0.6323529411764706 0.2536764705882353 0.11397058823529412
178.000 0.0 0.6360294117647058 0.2536764705882353 0.11029411764705882
178.500 0.0 0.6323529411764706 0.25 0.11764705882352941
179.000 0.0 0.6213235294117647 0.2610294117647059 0.11764705882352941
179.500 0.0 0.625 0.2536764705882353 0.1213235294117647
180.000 0.0 0.625 0.25735294117647056 0.11764705882352941
180.500 0.0 0.6213235294117647 0.25 0.12867647058823528
181.000 0.0 0.6323529411764706 0.23897058823529413 0.12867647058823528
181.500 0.0 0.6286764705882353 0.23897058823529413 0.1323529411764706
182.000 0.0 0.6323529411764706 0.22794117647058823 0.13970588235294118
182.500 0.0 0.6286764705882353 0.22794117647058823 0.14338235294117646
183.000 0.0 0.6323529411764706 0.22794117647058823 0.13970588235294118
183.500 0.0 0.6323529411764706 0.22794117647058823 0.13970588235294118
184.000 0.0 0.6286764705882353 0.22794117647058823 0.14338235294117646
184.500 0.0 0.6360294117647058 0.21691176470588236 0.14705882352941177
185.000 0.0 0.6323529411764706 0.22058823529411764 0.14705882352941177
185.500 0.0 0.6397058823529411 0.22058823529411764 0.13970588235294118
186.000 0.0 0.6470588235294118 0.21323529411764705 0.13970588235294118
186.500 0.0 0.6470588235294118 0.21691176470588236 0.13602941176470587
187.000 0.0 0.6507352941176471 0.21323529411764705 0.13602941176470587
187.500 0.0 0.6544117647058824 0.21691176470588236 0.12867647058823528
188.000 0.0 0.6544117647058824 0.21691176470588236 0.12867647058823528
188.500 0.0 0.6470588235294118 0.22426470588235295 0.12867647058823528
189.000 0.0 0.6433823529411765 0.22058823529411764 0.13602941176470587
189.500 0.0 0.6433823529411765 0.22058823529411764 0.13602941176470587
190.000 0.0 0.6397058823529411 0.22058823529411764 0.13970588235294118
190.500 0.0 0.6397058823529411 0.22426470588235295 0.13602941176470587
191.000 0.0 0.6507352941176471 0.21323529411764705 0.13602941176470587
191.500 0.0 0.6507352941176471 0.22058823529411764 0.12867647058823528
192.000 0.0 0.6507352941176471 0.22426470588235295 0.125
192.500 0.0 0.6433823529411765 0.22794117647058823 0.12867647058823528
193.000 0.0 0.6397058823529411 0.22426470588235295 0.13602941176470587
193.500 0.0 0.6470588235294118 0.21323529411764705 0.13970588235294118
194.000 0.0 0.6470588235294118 0.20955882352941177 0.14338235294117646
194.500 0.0 0.6544117647058824 0.19852941176470587 0.14705882352941177
195.000 0.0 0.6544117647058824 0.1948529411764706 0.15073529411764705
195.500 0.0 0.6507352941176471 0.19852941176470587 0.15073529411764705
196.000 0.0 0.6580882352941176 0.19117647058823528 0.15073529411764705
196.500 0.0 0.6617647058823529 0.18382352941176472 0.15441176470588236
197.000 0.0 0.6544117647058824 0.1875 0.15808823529411764
197.500 0.0 0.6544117647058824 0.1875 0.15808823529411764
198.000 0.0 0.6470588235294118 0.20220588235294118 0.15073529411764705
198.500 0.0 0.6470588235294118 0.1948529411764706 0.15808823529411764
199.000 0.0 0.6507352941176471 0.19117647058823528 0.15808823529411764
199.500 0.0 0.6470588235294118 0.1948529411764706 0.15808823529411764
200.000 0.0 0.6507352941176471 0.1948529411764706 0.15441176470588236
