0.000 0.0 0.0 1.0
0.500 0.0 0.0 1.0
1.000 0.0 0.015873015873015872 0.9841269841269841
1.500 0.0 0.015873015873015872 0.9841269841269841
2.000 0.0 0.031746031746031744 0.9682539682539683
2.500 0.0 0.09523809523809523 0.9047619047619048
3.000 0.0 0.2222222222222222 0.7777777777777778
3.500 0.0 0.3333333333333333 0.6666666666666666
4.000 0.0 0.42857142857142855 0.5714285714285714
4.500 0.0 0.4444444444444444 0.5555555555555556
5.000 0.0 0.4603174603174603 0.5396825396825397
5.500 0.0 0.5079365079365079 0.49206349206349204
6.000 0.0 0.5079365079365079 0.49206349206349204
6.500 0.0 0.5238095238095238 0.47619047619047616
7.000 0.0 0.5238095238095238 0.47619047619047616
7.500 0.0 0.5396825396825397 0.4603174603174603
8.000 0.0 0.5555555555555556 0.4444444444444444
8.500 0.0 0.5873015873015873 0.4126984126984127
9.000 0.0 0.5714285714285714 0.42857142857142855
9.500 0.0 0.5873015873015873 0.4126984126984127
10.000 0.0 0.6031746031746031 0.3968253968253968
10.500 0.0 0.6031746031746031 0.3968253968253968
11.000 0.0 0.6190476190476191 0.38095238095238093
11.500 0.0 0.6507936507936508 0.3492063492063492
12.000 0.0 0.6507936507936508 0.3492063492063492
12.500 0.015873015873015872 0.6349206349206349 0.3492063492063492
13.000 0.031746031746031744 0.6190476190476191 0.3492063492063492
13.500 0.047619047619047616 0.6190476190476191 0.3333333333333333
14.000 0.047619047619047616 0.6190476190476191 0.3333333333333333
14.500 0.09523809523809523 0.5873015873015873 0.31746031746031744
15.000 0.15873015873015872 0.5238095238095238 0.31746031746031744
15.500 0.1746031746031746 0.5238095238095238 0.30158730158730157
16.000 0.1746031746031746 0.5396825396825397 0.2857142857142857
16.500 0.1746031746031746 0.5396825396825397 0.2857142857142857
17.000 0.1746031746031746 0.6031746031746031 0.2222222222222222
17.500 0.20634920634920634 0.5714285714285714 0.2222222222222222
18.000 0.20634920634920634 0.5873015873015873 0.20634920634920634
18.500 0.2222222222222222 0.5714285714285714 0.20634920634920634
19.000 0.2222222222222222 0.5714285714285714 0.20634920634920634
19.500 0.2222222222222222 0.5873015873015873 0.19047619047619047
20.000 0.2698412698412698 0.5555555555555556 0.1746031746031746
20.500 0.2857142857142857 0.5396825396825397 0.1746031746031746
21.000 0.2857142857142857 0.5555555555555556 0.15873015873015872
21.500 0.2857142857142857 0.5555555555555556 0.15873015873015872
22.000 0.30158730158730157 0.5396825396825397 0.15873015873015872
22.500 0.30158730158730157 0.5555555555555556 0.14285714285714285
23.000 0.3333333333333333 0.5396825396825397 0.12698412698412698
23.500 0.38095238095238093 0.49206349206349204 0.12698412698412698
24.000 0.36507936507936506 0.5079365079365079 0.12698412698412698
24.500 0.3968253968253968 0.47619047619047616 0.12698412698412698
25.000 0.4126984126984127 0.47619047619047616 0.1111111111111111
25.500 0.4126984126984127 0.47619047619047616 0.1111111111111111
26.000 0.4444444444444444 0.4603174603174603 0.09523809523809523
26.500 0.4444444444444444 0.47619047619047616 0.07936507936507936
27.000 0.4444444444444444 0.4603174603174603 0.09523809523809523
27.500 0.42857142857142855 0.47619047619047616 0.09523809523809523
28.000 0.42857142857142855 0.49206349206349204 0.07936507936507936
28.500 0.42857142857142855 0.49206349206349204 0.07936507936507936
29.000 0.42857142857142855 0.49206349206349204 0.07936507936507936
29.500 0.4444444444444444 0.47619047619047616 0.07936507936507936
30.000 0.4444444444444444 0.47619047619047616 0.07936507936507936
30.500 0.4444444444444444 0.47619047619047616 0.07936507936507936
31.000 0.4444444444444444 0.47619047619047616 0.07936507936507936
31.500 0.4444444444444444 0.49206349206349204 0.06349206349206349
32.000 0.4603174603174603 0.47619047619047616 0.06349206349206349
32.500 0.4603174603174603 0.47619047619047616 0.06349206349206349
33.000 0.49206349206349204 0.4444444444444444 0.06349206349206349
33.500 0.49206349206349204 0.4444444444444444 0.06349206349206349
34.000 0.49206349206349204 0.4444444444444444 0.06349206349206349
34.500 0.5079365079365079 0.4126984126984127 0.07936507936507936
35.000 0.5079365079365079 0.4126984126984127 0.07936507936507936
35.500 0.5079365079365079 0.42857142857142855 0.06349206349206349
36.000 0.5079365079365079 0.42857142857142855 0.06349206349206349
36.500 0.5079365079365079 0.42857142857142855 0.06349206349206349
37.000 0.5079365079365079 0.42857142857142855 0.06349206349206349
37.500 0.5079365079365079 0.42857142857142855 0.06349206349206349
38.000 0.49206349206349204 0.4444444444444444 0.06349206349206349
38.500 0.49206349206349204 0.4444444444444444 0.06349206349206349
39.000 0.49206349206349204 0.4444444444444444 0.06349206349206349
39.500 0.49206349206349204 0.4444444444444444 0.06349206349206349
40.000 0.49206349206349204 0.4444444444444444 0.06349206349206349
40.500 0.5396825396825397 0.3968253968253968 0.06349206349206349
41.000 0.5238095238095238 0.4126984126984127 0.06349206349206349
41.500 0.5555555555555556 0.4126984126984127 0.031746031746031744
42.000 0.5483870967741935 0.4032258064516129 0.04838709677419355
42.500 0.5483870967741935 0.4032258064516129 0.04838709677419355
43.000 0.5483870967741935 0.4032258064516129 0.04838709677419355
43.500 0.5806451612903226 0.3709677419354839 0.04838709677419355
44.000 0.5645161290322581 0.3870967741935484 0.04838709677419355
44.500 0.5645161290322581 0.3870967741935484 0.04838709677419355
45.000 0.5645161290322581 0.3870967741935484 0.04838709677419355
45.500 0.5483870967741935 0.41935483870967744 0.03225806451612903
46.000 0.5483870967741935 0.41935483870967744 0.03225806451612903
46.500 0.5483870967741935 0.41935483870967744 0.03225806451612903
47.000 0.5483870967741935 0.4032258064516129 0.04838709677419355
47.500 0.5645161290322581 0.3870967741935484 0.04838709677419355
48.000 0.5645161290322581 0.3870967741935484 0.04838709677419355
48.500 0.5645161290322581 0.3870967741935484 0.04838709677419355
49.000 0.5806451612903226 0.3709677419354839 0.04838709677419355
49.500 0.5806451612903226 0.3709677419354839 0.04838709677419355
50.000 0.5967741935483871 0.3548387096774194 0.04838709677419355
50.500 0.5806451612903226 0.3709677419354839 0.04838709677419355
51.000 0.5967741935483871 0.3548387096774194 0.04838709677419355
51.500 0.5967741935483871 0.3548387096774194 0.04838709677419355
52.000 0.5967741935483871 0.3548387096774194 0.04838709677419355
52.500 0.6129032258064516 0.3387096774193548 0.04838709677419355
53.000 0.6129032258064516 0.3387096774193548 0.04838709677419355
53.500 0.5967741935483871 0.3548387096774194 0.04838709677419355
54.000 0.6290322580645161 0.3064516129032258 0.06451612903225806
54.500 0.6451612903225806 0.2903225806451613 0.06451612903225806
55.000 0.6612903225806451 0.27419354838709675 0.06451612903225806
55.500 0.6612903225806451 0.27419354838709675 0.06451612903225806
56.000 0.6612903225806451 0.27419354838709675 0.06451612903225806
56.500 0.6612903225806451 0.27419354838709675 0.06451612903225806
57.000 0.6451612903225806 0.2903225806451613 0.06451612903225806
57.500 0.6451612903225806 0.2903225806451613 0.06451612903225806
58.000 0.6290322580645161 0.3064516129032258 0.06451612903225806
58.500 0.6290322580645161 0.3064516129032258 0.06451612903225806
59.000 0.6290322580645161 0.3064516129032258 0.06451612903225806
59.500 0.6290322580645161 0.3064516129032258 0.06451612903225806
60.000 0.6290322580645161 0.3064516129032258 0.06451612903225806
60.500 0.6129032258064516 0.3225806451612903 0.06451612903225806
61.000 0.6129032258064516 0.3225806451612903 0.06451612903225806
61.500 0.6290322580645161 0.3064516129032258 0.06451612903225806
62.000 0.6290322580645161 0.3064516129032258 0.06451612903225806
62.500 0.6290322580645161 0.3064516129032258 0.06451612903225806
63.000 0.6290322580645161 0.3064516129032258 0.06451612903225806
63.500 0.6774193548387096 0.25806451612903225 0.06451612903225806
64.000 0.6774193548387096 0.25806451612903225 0.06451612903225806
64.500 0.6774193548387096 0.27419354838709675 0.04838709677419355
65.000 0.6774193548387096 0.27419354838709675 0.04838709677419355
65.500 0.6774193548387096 0.27419354838709675 0.04838709677419355
66.000 0.6935483870967742 0.25806451612903225 0.04838709677419355
66.500 0.7096774193548387 0.24193548387096775 0.04838709677419355
67.000 0.7096774193548387 0.24193548387096775 0.04838709677419355
67.500 0.7096774193548387 0.24193548387096775 0.04838709677419355
68.000 0.7096774193548387 0.24193548387096775 0.04838709677419355
68.500 0.7258064516129032 0.22580645161290322 0.04838709677419355
69.000 0.7096774193548387 0.24193548387096775 0.04838709677419355
69.500 0.7096774193548387 0.24193548387096775 0.04838709677419355
70.000 0.7096774193548387 0.24193548387096775 0.04838709677419355
70.500 0.7258064516129032 0.24193548387096775 0.03225806451612903
71.000 0.7258064516129032 0.24193548387096775 0.03225806451612903
71.500 0.7258064516129032 0.24193548387096775 0.03225806451612903
72.000 0.7419354838709677 0.22580645161290322 0.03225806451612903
72.500 0.7580645161290323 0.20967741935483872 0.03225806451612903
73.000 0.7580645161290323 0.22580645161290322 0.016129032258064516
73.500 0.7419354838709677 0.24193548387096775 0.016129032258064516
74.000 0.7419354838709677 0.24193548387096775 0.016129032258064516
74.500 0.7580645161290323 0.22580645161290322 0.016129032258064516
75.000 0.7419354838709677 0.24193548387096775 0.016129032258064516
75.500 0.7419354838709677 0.24193548387096775 0.016129032258064516
76.000 0.7419354838709677 0.24193548387096775 0.016129032258064516
76.500 0.7580645161290323 0.22580645161290322 0.016129032258064516
77.000 0.7741935483870968 0.20967741935483872 0.016129032258064516
77.500 0.7741935483870968 0.20967741935483872 0.016129032258064516
78.000 0.7741935483870968 0.20967741935483872 0.016129032258064516
78.500 0.7580645161290323 0.22580645161290322 0.016129032258064516
79.000 0.7580645161290323 0.22580645161290322 0.016129032258064516
79.500 0.7580645161290323 0.22580645161290322 0.016129032258064516
80.000 0.7580645161290323 0.22580645161290322 0.016129032258064516
80.500 0.7580645161290323 0.22580645161290322 0.016129032258064516
81.000 0.7580645161290323 0.22580645161290322 0.016129032258064516
81.500 0.7580645161290323 0.22580645161290322 0.016129032258064516
82.000 0.7704918032786885 0.21311475409836064 0.01639344262295082
82.500 0.7868852459016393 0.19672131147540983 0.01639344262295082
83.000 0.7868852459016393 0.19672131147540983 0.01639344262295082
83.500 0.7868852459016393 0.19672131147540983 0.01639344262295082
84.000 0.7868852459016393 0.19672131147540983 0.01639344262295082
84.500 0.7868852459016393 0.19672131147540983 0.01639344262295082
85.000 0.7868852459016393 0.19672131147540983 0.01639344262295082
85.500 0.7868852459016393 0.19672131147540983 0.01639344262295082
86.000 0.7704918032786885 0.21311475409836064 0.01639344262295082
86.500 0.7868852459016393 0.19672131147540983 0.01639344262295082
87.000 0.7868852459016393 0.18032786885245902 0.03278688524590164
87.500 0.7868852459016393 0.18032786885245902 0.03278688524590164
88.000 0.7868852459016393 0.18032786885245902 0.03278688524590164
88.500 0.7704918032786885 0.19672131147540983 0.03278688524590164
89.000 0.7704918032786885 0.19672131147540983 0.03278688524590164
89.500 0.7704918032786885 0.19672131147540983 0.03278688524590164
90.000 0.7704918032786885 0.19672131147540983 0.03278688524590164
90.500 0.7704918032786885 0.19672131147540983 0.03278688524590164
91.000 0.7704918032786885 0.19672131147540983 0.03278688524590164
91.500 0.7868852459016393 0.18032786885245902 0.03278688524590164
92.000 0.7868852459016393 0.18032786885245902 0.03278688524590164
92.500 0.7868852459016393 0.18032786885245902 0.03278688524590164
93.000 0.7868852459016393 0.18032786885245902 0.03278688524590164
93.500 0.7868852459016393 0.16393442622950818 0.04918032786885246
94.000 0.7704918032786885 0.18032786885245902 0.04918032786885246
94.500 0.7704918032786885 0.18032786885245902 0.04918032786885246
95.000 0.7868852459016393 0.18032786885245902 0.03278688524590164
95.500 0.7704918032786885 0.19672131147540983 0.03278688524590164
96.000 0.7704918032786885 0.19672131147540983 0.03278688524590164
96.500 0.7704918032786885 0.19672131147540983 0.03278688524590164
97.000 0.7704918032786885 0.19672131147540983 0.03278688524590164
97.500 0.7704918032786885 0.19672131147540983 0.03278688524590164
98.000 0.7377049180327869 0.22950819672131148 0.03278688524590164
98.500 0.7377049180327869 0.22950819672131148 0.03278688524590164
99.000 0.7377049180327869 0.22950819672131148 0.03278688524590164
99.500 0.7377049180327869 0.22950819672131148 0.03278688524590164
100.000 0.7377049180327869 0.22950819672131148 0.03278688524590164
