0.000 0.0 0.05263157894736842 0.18796992481203006 0.7593984962406015
0.500 0.0 0.05639097744360902 0.19924812030075187 0.7443609022556391
1.000 0.0 0.05263157894736842 0.23684210526315788 0.7105263157894737
1.500 0.0 0.05639097744360902 0.24436090225563908 0.6992481203007519
2.000 0.0 0.04887218045112782 0.2518796992481203 0.6992481203007519
2.500 0.0 0.05639097744360902 0.2518796992481203 0.6917293233082706
3.000 0.0 0.06015037593984962 0.2556390977443609 0.6842105263157895
3.500 0.0 0.06766917293233082 0.2631578947368421 0.6691729323308271
4.000 0.0 0.07142857142857142 0.2669172932330827 0.6616541353383458
4.500 0.0 0.07142857142857142 0.2744360902255639 0.6541353383458647
5.000 0.0 0.09022556390977443 0.2669172932330827 0.6428571428571429
5.500 0.0 0.10526315789473684 0.2706766917293233 0.6240601503759399
6.000 0.0 0.11654135338345864 0.2556390977443609 0.6278195488721805
6.500 0.0 0.11654135338345864 0.2744360902255639 0.6090225563909775
7.000 0.0 0.12030075187969924 0.2706766917293233 0.6090225563909775
7.500 0.0 0.13533834586466165 0.2706766917293233 0.5939849624060151
8.000 0.0 0.15789473684210525 0.2631578947368421 0.5789473684210527
8.500 0.0 0.16541353383458646 0.2631578947368421 0.5714285714285714
9.000 0.0 0.16541353383458646 0.2669172932330827 0.5676691729323309
9.500 0.0 0.18421052631578946 0.2669172932330827 0.5488721804511278
10.000 0.0 0.18796992481203006 0.2669172932330827 0.5451127819548872
10.500 0.0 0.19548872180451127 0.2593984962406015 0.5451127819548872
11.000 0.0 0.20300751879699247 0.2593984962406015 0.5375939849624061
11.500 0.0 0.21428571428571427 0.2556390977443609 0.5300751879699248
12.000 0.0 0.21428571428571427 0.24436090225563908 0.5413533834586466
12.500 0.0 0.21804511278195488 0.24060150375939848 0.5413533834586466
13.000 0.0 0.24060150375939848 0.22932330827067668 0.5300751879699248
13.500 0.0 0.24060150375939848 0.24436090225563908 0.5150375939849624
14.000 0.0 0.2518796992481203 0.22556390977443608 0.5225563909774437
14.500 0.0 0.2518796992481203 0.23684210526315788 0.5112781954887218
15.000 0.0 0.2556390977443609 0.2669172932330827 0.4774436090225564
15.500 0.0 0.2593984962406015 0.2706766917293233 0.4699248120300752
16.000 0.0 0.2669172932330827 0.2857142857142857 0.4473684210526316
16.500 0.0 0.2857142857142857 0.2706766917293233 0.44360902255639095
17.000 0.0 0.3082706766917293 0.2781954887218045 0.41353383458646614
17.500 0.0 0.32706766917293234 0.2857142857142857 0.38721804511278196
18.000 0.0 0.3383458646616541 0.3007518796992481 0.3609022556390977
18.500 0.0 0.3383458646616541 0.3233082706766917 0.3383458646616541
19.000 0.0 0.3533834586466165 0.3157894736842105 0.3308270676691729
19.500 0.0 0.3533834586466165 0.31954887218045114 0.32706766917293234
20.000 0.0 0.36466165413533835 0.3157894736842105 0.31954887218045114
20.500 0.0 0.37218045112781956 0.3157894736842105 0.31203007518796994
21.000 0.0 0.3684210526315789 0.31203007518796994 0.31954887218045114
21.500 0.0 0.37593984962406013 0.3157894736842105 0.3082706766917293
22.000 0.0 0.3609022556390977 0.3308270676691729 0.3082706766917293
22.500 0.0 0.36466165413533835 0.32706766917293234 0.3082706766917293
23.000 0.0 0.37593984962406013 0.31954887218045114 0.30451127819548873
23.500 0.0 0.39097744360902253 0.30451127819548873 0.30451127819548873
24.000 0.0 0.40977443609022557 0.2894736842105263 0.3007518796992481
24.500 0.0 0.42105263157894735 0.2819548872180451 0.29699248120300753
25.000 0.0 0.424812030075188 0.2894736842105263 0.2857142857142857
25.500 0.0 0.4473684210526316 0.2669172932330827 0.2857142857142857
26.000 0.0 0.45112781954887216 0.2669172932330827 0.2819548872180451
26.500 0.0 0.4548872180451128 0.2669172932330827 0.2781954887218045
27.000 0.0 0.4473684210526316 0.2744360902255639 0.2781954887218045
27.500 0.0 0.4548872180451128 0.2744360902255639 0.2706766917293233
28.000 0.0 0.46616541353383456 0.2631578947368421 0.2706766917293233
28.500 0.0 0.4774436090225564 0.2518796992481203 0.2706766917293233
29.000 0.0 0.47368421052631576 0.2593984962406015 0.2669172932330827
29.500 0.0 0.4774436090225564 0.2518796992481203 0.2706766917293233
30.000 0.0 0.4849624060150376 0.24436090225563908 0.2706766917293233
30.500 0.0 0.48872180451127817 0.24812030075187969 0.2631578947368421
31.000 0.0 0.48872180451127817 0.2631578947368421 0.24812030075187969
31.500 0.0 0.4849624060150376 0.2744360902255639 0.24060150375939848
32.000 0.0 0.4849624060150376 0.2781954887218045 0.23684210526315788
32.500 0.0 0.4924812030075188 0.2706766917293233 0.23684210526315788
33.000 0.0 0.48120300751879697 0.2857142857142857 0.23308270676691728
33.500 0.0 0.47368421052631576 0.2932330827067669 0.23308270676691728
34.000 0.0 0.4849624060150376 0.2894736842105263 0.22556390977443608
34.500 0.0 0.48120300751879697 0.2819548872180451 0.23684210526315788
35.000 0.0 0.4699248120300752 0.2781954887218045 0.2518796992481203
35.500 0.0 0.47368421052631576 0.2781954887218045 0.24812030075187969
36.000 0.0 0.4924812030075188 0.2593984962406015 0.24812030075187969
36.500 0.0 0.5 0.2556390977443609 0.24436090225563908
37.000 0.0 0.4849624060150376 0.2706766917293233 0.24436090225563908
37.500 0.0 0.4699248120300752 0.2819548872180451 0.24812030075187969
38.000 0.0 0.4774436090225564 0.2744360902255639 0.24812030075187969
38.500 0.0 0.4774436090225564 0.2593984962406015 0.2631578947368421
39.000 0.0 0.46616541353383456 0.2593984962406015 0.2744360902255639
39.500 0.0 0.46616541353383456 0.2593984962406015 0.2744360902255639
40.000 0.0 0.462406015037594 0.2593984962406015 0.2781954887218045
40.500 0.0 0.462406015037594 0.2556390977443609 0.2819548872180451
41.000 0.0 0.45864661654135336 0.2669172932330827 0.2744360902255639
41.500 0.0 0.462406015037594 0.2556390977443609 0.2819548872180451
42.000 0.0 0.4699248120300752 0.24436090225563908 0.2857142857142857
42.500 0.0 0.4699248120300752 0.24436090225563908 0.2857142857142857
43.000 0.0 0.48120300751879697 0.23308270676691728 0.2857142857142857
43.500 0.0 0.49624060150375937 0.23684210526315788 0.2669172932330827
44.000 0.0 0.5150375939849624 0.22180451127819548 0.2631578947368421
44.500 0.0 0.49624060150375937 0.24436090225563908 0.2593984962406015
45.000 0.0 0.5 0.24060150375939848 0.2593984962406015
45.500 0.0 0.5037593984962406 0.24060150375939848 0.2556390977443609
46.000 0.0 0.5112781954887218 0.23684210526315788 0.2518796992481203
46.500 0.0 0.5150375939849624 0.22932330827067668 0.2556390977443609
47.000 0.0 0.518796992481203 0.22556390977443608 0.2556390977443609
47.500 0.0 0.5112781954887218 0.23308270676691728 0.2556390977443609
48.000 0.0 0.518796992481203 0.22932330827067668 0.2518796992481203
48.500 0.0 0.5338345864661654 0.21804511278195488 0.24812030075187969
49.000 0.0 0.5375939849624061 0.21052631578947367 0.2518796992481203
49.500 0.0 0.5375939849624061 0.22180451127819548 0.24060150375939848
50.000 0.0 0.5413533834586466 0.22556390977443608 0.23308270676691728
50.500 0.0 0.5488721804511278 0.22932330827067668 0.22180451127819548
51.000 0.0 0.556390977443609 0.21804511278195488 0.22556390977443608
51.500 0.0 0.5714285714285714 0.20300751879699247 0.22556390977443608
52.000 0.0 0.5827067669172933 0.19924812030075187 0.21804511278195488
52.500 0.0 0.5827067669172933 0.20676691729323307 0.21052631578947367
53.000 0.0 0.5864661654135338 0.21428571428571427 0.19924812030075187
53.500 0.0 0.5977443609022557 0.19924812030075187 0.20300751879699247
54.000 0.0 0.5827067669172933 0.21804511278195488 0.19924812030075187
54.500 0.0 0.5714285714285714 0.23308270676691728 0.19548872180451127
55.000 0.0 0.575187969924812 0.22932330827067668 0.19548872180451127
55.500 0.0 0.5676691729323309 0.2556390977443609 0.17669172932330826
56.000 0.0 0.5827067669172933 0.24060150375939848 0.17669172932330826
56.500 0.0 0.5864661654135338 0.23684210526315788 0.17669172932330826
57.000 0.0 0.5902255639097744 0.23308270676691728 0.17669172932330826
57.500 0.0 0.5789473684210527 0.23684210526315788 0.18421052631578946
58.000 0.0 0.575187969924812 0.24060150375939848 0.18421052631578946
58.500 0.0 0.5789473684210527 0.23684210526315788 0.18421052631578946
59.000 0.0 0.5864661654135338 0.22932330827067668 0.18421052631578946
59.500 0.0 0.5789473684210527 0.22932330827067668 0.19172932330827067
60.000 0.0 0.5827067669172933 0.22556390977443608 0.19172932330827067
60.500 0.0 0.5676691729323309 0.24060150375939848 0.19172932330827067
61.000 0.0 0.5639097744360902 0.24436090225563908 0.19172932330827067
61.500 0.0 0.5676691729323309 0.24060150375939848 0.19172932330827067
62.000 0.0 0.5639097744360902 0.24060150375939848 0.19548872180451127
62.500 0.0 0.5714285714285714 0.22932330827067668 0.19924812030075187
63.000 0.0 0.5789473684210527 0.22932330827067668 0.19172932330827067
63.500 0.0 0.5714285714285714 0.23684210526315788 0.19172932330827067
64.000 0.0 0.5676691729323309 0.23308270676691728 0.19924812030075187
64.500 0.0 0.5639097744360902 0.23684210526315788 0.19924812030075187
65.000 0.0 0.5714285714285714 0.23308270676691728 0.19548872180451127
65.500 0.0 0.5827067669172933 0.22180451127819548 0.19548872180451127
66.000 0.0 0.5789473684210527 0.22556390977443608 0.19548872180451127
66.500 0.0 0.5864661654135338 0.21804511278195488 0.19548872180451127
67.000 0.0 0.5902255639097744 0.21428571428571427 0.19548872180451127
67.500 0.0 0.5789473684210527 0.21052631578947367 0.21052631578947367
68.000 0.0 0.5827067669172933 0.21052631578947367 0.20676691729323307
68.500 0.0 0.5827067669172933 0.21428571428571427 0.20300751879699247
69.000 0.0 0.5902255639097744 0.20676691729323307 0.20300751879699247
69.500 0.0 0.5977443609022557 0.20300751879699247 0.19924812030075187
70.000 0.0 0.5902255639097744 0.21052631578947367 0.19924812030075187
70.500 0.0 0.5977443609022557 0.21428571428571427 0.18796992481203006
71.000 0.0 0.6015037593984962 0.21804511278195488 0.18045112781954886
71.500 0.0 0.6090225563909775 0.21052631578947367 0.18045112781954886
72.000 0.0 0.6165413533834586 0.19924812030075187 0.18421052631578946
72.500 0.0 0.6203007518796992 0.19548872180451127 0.18421052631578946
73.000 0.0 0.6353383458646616 0.18796992481203006 0.17669172932330826
73.500 0.0 0.631578947368421 0.18796992481203006 0.18045112781954886
74.000 0.0 0.6353383458646616 0.18421052631578946 0.18045112781954886
74.500 0.0 0.6353383458646616 0.18421052631578946 0.18045112781954886
75.000 0.0 0.6428571428571429 0.17293233082706766 0.18421052631578946
75.500 0.0 0.6428571428571429 0.18045112781954886 0.17669172932330826
76.000 0.0 0.650375939849624 0.17293233082706766 0.17669172932330826
76.500 0.0 0.6466165413533834 0.17669172932330826 0.17669172932330826
77.000 0.0 0.6578947368421053 0.17293233082706766 0.16917293233082706
77.500 0.0 0.6616541353383458 0.16917293233082706 0.16917293233082706
78.000 0.0 0.6654135338345865 0.16917293233082706 0.16541353383458646
78.500 0.0 0.6691729323308271 0.16917293233082706 0.16165413533834586
79.000 0.0 0.6691729323308271 0.17669172932330826 0.15413533834586465
79.500 0.0 0.6729323308270677 0.17669172932330826 0.15037593984962405
80.000 0.0 0.6766917293233082 0.17669172932330826 0.14661654135338345
80.500 0.0 0.6766917293233082 0.17669172932330826 0.14661654135338345
81.000 0.0 0.6804511278195489 0.17293233082706766 0.14661654135338345
81.500 0.0 0.6842105263157895 0.16917293233082706 0.14661654135338345
82.000 0.0 0.6842105263157895 0.17293233082706766 0.14285714285714285
82.500 0.0 0.6842105263157895 0.17293233082706766 0.14285714285714285
83.000 0.0 0.6879699248120301 0.16541353383458646 0.14661654135338345
83.500 0.0 0.6879699248120301 0.16541353383458646 0.14661654135338345
84.000 0.0 0.6879699248120301 0.16917293233082706 0.14285714285714285
84.500 0.0 0.6917293233082706 0.16917293233082706 0.13909774436090225
85.000 0.0 0.6917293233082706 0.16541353383458646 0.14285714285714285
85.500 0.0 0.6954887218045113 0.16541353383458646 0.13909774436090225
86.000 0.0 0.6954887218045113 0.16541353383458646 0.13909774436090225
86.500 0.0 0.6992481203007519 0.16541353383458646 0.13533834586466165
87.000 0.0 0.6954887218045113 0.16541353383458646 0.13909774436090225
87.500 0.0 0.6842105263157895 0.17293233082706766 0.14285714285714285
88.000 0.0 0.6879699248120301 0.16165413533834586 0.15037593984962405
88.500 0.0 0.6917293233082706 0.15413533834586465 0.15413533834586465
89.000 0.0 0.6917293233082706 0.16165413533834586 0.14661654135338345
89.500 0.0 0.6992481203007519 0.15413533834586465 0.14661654135338345
90.000 0.0 0.6954887218045113 0.15789473684210525 0.14661654135338345
90.500 0.0 0.6954887218045113 0.15789473684210525 0.14661654135338345
91.000 0.0 0.6842105263157895 0.16165413533834586 0.15413533834586465
91.500 0.0 0.6804511278195489 0.16917293233082706 0.15037593984962405
92.000 0.0 0.6954887218045113 0.15413533834586465 0.15037593984962405
92.500 0.0 0.6954887218045113 0.15413533834586465 0.15037593984962405
93.000 0.0 0.6842105263157895 0.16541353383458646 0.15037593984962405
93.500 0.0 0.6766917293233082 0.16917293233082706 0.15413533834586465
94.000 0.0 0.6729323308270677 0.18045112781954886 0.14661654135338345
94.500 0.0 0.6804511278195489 0.17293233082706766 0.14661654135338345
95.000 0.0 0.6766917293233082 0.17669172932330826 0.14661654135338345
95.500 0.0 0.6766917293233082 0.17669172932330826 0.14661654135338345
96.000 0.0 0.6729323308270677 0.18045112781954886 0.14661654135338345
96.500 0.0 0.6729323308270677 0.18045112781954886 0.14661654135338345
97.000 0.0 0.6766917293233082 0.18421052631578946 0.13909774436090225
97.500 0.0 0.6729323308270677 0.19172932330827067 0.13533834586466165
98.000 0.0 0.6804511278195489 0.18796992481203006 0.13157894736842105
98.500 0.0 0.6917293233082706 0.17669172932330826 0.13157894736842105
99.000 0.0 0.6879699248120301 0.18421052631578946 0.12781954887218044
99.500 0.0 0.6842105263157895 0.18796992481203006 0.12781954887218044
100.000 0.0 0.6917293233082706 0.17669172932330826 0.13157894736842105
100.500 0.0 0.6879699248120301 0.18421052631578946 0.12781954887218044
101.000 0.0 0.7030075187969925 0.16917293233082706 0.12781954887218044
101.500 0.0 0.6992481203007519 0.16917293233082706 0.13157894736842105
102.000 0.0 0.6992481203007519 0.16917293233082706 0.13157894736842105
102.500 0.0 0.6954887218045113 0.17293233082706766 0.13157894736842105
103.000 0.0 0.6954887218045113 0.17669172932330826 0.12781954887218044
103.500 0.0 0.7030075187969925 0.17293233082706766 0.12406015037593984
104.000 0.0 0.7030075187969925 0.16917293233082706 0.12781954887218044
104.500 0.0 0.6992481203007519 0.17669172932330826 0.12406015037593984
105.000 0.0 0.6954887218045113 0.17669172932330826 0.12781954887218044
105.500 0.0 0.6954887218045113 0.18045112781954886 0.12406015037593984
106.000 0.0 0.6992481203007519 0.17293233082706766 0.12781954887218044
106.500 0.0 0.706766917293233 0.16917293233082706 0.12406015037593984
107.000 0.0 0.6992481203007519 0.18045112781954886 0.12030075187969924
107.500 0.0 0.6992481203007519 0.18421052631578946 0.11654135338345864
108.000 0.0 0.706766917293233 0.18045112781954886 0.11278195488721804
108.500 0.0 0.7142857142857143 0.17669172932330826 0.10902255639097744
109.000 0.0 0.7180451127819549 0.17293233082706766 0.10902255639097744
109.500 0.0 0.7142857142857143 0.18045112781954886 0.10526315789473684
110.000 0.0 0.7105263157894737 0.18796992481203006 0.10150375939849623
110.500 0.0 0.7030075187969925 0.18421052631578946 0.11278195488721804
111.000 0.0 0.6954887218045113 0.18421052631578946 0.12030075187969924
111.500 0.0 0.6917293233082706 0.18796992481203006 0.12030075187969924
112.000 0.0 0.6879699248120301 0.19548872180451127 0.11654135338345864
112.500 0.0 0.6879699248120301 0.19172932330827067 0.12030075187969924
113.000 0.0 0.6954887218045113 0.18045112781954886 0.12406015037593984
113.500 0.0 0.6954887218045113 0.18045112781954886 0.12406015037593984
114.000 0.0 0.6917293233082706 0.18796992481203006 0.12030075187969924
114.500 0.0 0.6917293233082706 0.19172932330827067 0.11654135338345864
115.000 0.0 0.6917293233082706 0.19548872180451127 0.11278195488721804
115.500 0.0 0.6917293233082706 0.19548872180451127 0.11278195488721804
116.000 0.0 0.6879699248120301 0.20676691729323307 0.10526315789473684
116.500 0.0 0.6917293233082706 0.20676691729323307 0.10150375939849623
117.000 0.0 0.6917293233082706 0.20676691729323307 0.10150375939849623
117.500 0.0 0.6879699248120301 0.21052631578947367 0.10150375939849623
118.000 0.0 0.6992481203007519 0.20300751879699247 0.09774436090225563
118.500 0.0 0.6992481203007519 0.20300751879699247 0.09774436090225563
119.000 0.0 0.7030075187969925 0.20300751879699247 0.09398496240601503
119.500 0.0 0.7030075187969925 0.20676691729323307 0.09022556390977443
120.000 0.0 0.6954887218045113 0.21428571428571427 0.09022556390977443
120.500 0.0 0.706766917293233 0.20300751879699247 0.09022556390977443
121.000 0.0 0.7105263157894737 0.20300751879699247 0.08646616541353383
121.500 0.0 0.7030075187969925 0.21052631578947367 0.08646616541353383
122.000 0.0 0.706766917293233 0.20676691729323307 0.08646616541353383
122.500 0.0 0.6992481203007519 0.21428571428571427 0.08646616541353383
123.000 0.0 0.6954887218045113 0.21052631578947367 0.09398496240601503
123.500 0.0 0.706766917293233 0.19924812030075187 0.09398496240601503
124.000 0.0 0.7255639097744361 0.17669172932330826 0.09774436090225563
124.500 0.0 0.7330827067669173 0.16917293233082706 0.09774436090225563
125.000 0.0 0.7293233082706767 0.16541353383458646 0.10526315789473684
125.500 0.0 0.7255639097744361 0.16917293233082706 0.10526315789473684
126.000 0.0 0.7218045112781954 0.16541353383458646 0.11278195488721804
126.500 0.0 0.7218045112781954 0.16541353383458646 0.11278195488721804
127.000 0.0 0.7180451127819549 0.16917293233082706 0.11278195488721804
127.500 0.0 0.7180451127819549 0.17669172932330826 0.10526315789473684
128.000 0.0 0.7218045112781954 0.17293233082706766 0.10526315789473684
128.500 0.0 0.7218045112781954 0.17293233082706766 0.10526315789473684
129.000 0.0 0.7180451127819549 0.17669172932330826 0.10526315789473684
129.500 0.0 0.7180451127819549 0.17669172932330826 0.10526315789473684
130.000 0.0 0.7180451127819549 0.17293233082706766 0.10902255639097744
130.500 0.0 0.7180451127819549 0.17669172932330826 0.10526315789473684
131.000 0.0 0.7293233082706767 0.16541353383458646 0.10526315789473684
131.500 0.0 0.7443609022556391 0.15413533834586465 0.10150375939849623
132.000 0.0 0.7368421052631579 0.16541353383458646 0.09774436090225563
132.500 0.0 0.7330827067669173 0.16541353383458646 0.10150375939849623
133.000 0.0 0.7368421052631579 0.16541353383458646 0.09774436090225563
133.500 0.0 0.7481203007518797 0.15789473684210525 0.09398496240601503
134.000 0.0 0.7443609022556391 0.16917293233082706 0.08646616541353383
134.500 0.0 0.7330827067669173 0.18045112781954886 0.08646616541353383
135.000 0.0 0.7368421052631579 0.17669172932330826 0.08646616541353383
135.500 0.0 0.7443609022556391 0.16917293233082706 0.08646616541353383
136.000 0.0 0.7443609022556391 0.16917293233082706 0.08646616541353383
136.500 0.0 0.7368421052631579 0.17669172932330826 0.08646616541353383
137.000 0.0 0.7368421052631579 0.17293233082706766 0.09022556390977443
137.500 0.0 0.7368421052631579 0.16917293233082706 0.09398496240601503
138.000 0.0 0.7368421052631579 0.16917293233082706 0.09398496240601503
138.500 0.0 0.7368421052631579 0.16917293233082706 0.09398496240601503
139.000 0.0 0.7481203007518797 0.15789473684210525 0.09398496240601503
139.500 0.0 0.7518796992481203 0.15789473684210525 0.09022556390977443
140.000 0.0 0.7518796992481203 0.15413533834586465 0.09398496240601503
140.500 0.0 0.7593984962406015 0.14661654135338345 0.09398496240601503
141.000 0.0 0.7556390977443609 0.15413533834586465 0.09022556390977443
141.500 0.0 0.7593984962406015 0.15037593984962405 0.09022556390977443
142.000 0.0 0.7593984962406015 0.15037593984962405 0.09022556390977443
142.500 0.0 0.7631578947368421 0.14661654135338345 0.09022556390977443
143.000 0.0 0.7631578947368421 0.14285714285714285 0.09398496240601503
143.500 0.0 0.7631578947368421 0.14285714285714285 0.09398496240601503
144.000 0.0 0.7669172932330827 0.14285714285714285 0.09022556390977443
144.500 0.0 0.7819548872180451 0.12781954887218044 0.09022556390977443
145.000 0.0 0.7819548872180451 0.12781954887218044 0.09022556390977443
145.500 0.0 0.7819548872180451 0.12781954887218044 0.09022556390977443
146.000 0.0 0.7857142857142857 0.12030075187969924 0.09398496240601503
146.500 0.0 0.7819548872180451 0.12030075187969924 0.09774436090225563
147.000 0.0 0.7781954887218046 0.12030075187969924 0.10150375939849623
147.500 0.0 0.7781954887218046 0.12781954887218044 0.09398496240601503
148.000 0.0 0.7781954887218046 0.12781954887218044 0.09398496240601503
148.500 0.0 0.7819548872180451 0.12406015037593984 0.09398496240601503
149.000 0.0 0.7894736842105263 0.11654135338345864 0.09398496240601503
149.500 0.0 0.7894736842105263 0.11654135338345864 0.09398496240601503
150.000 0.0 0.7969924812030075 0.10902255639097744 0.09398496240601503
150.500 0.0 0.8120300751879699 0.09774436090225563 0.09022556390977443
151.000 0.0 0.8195488721804511 0.09022556390977443 0.09022556390977443
151.500 0.0 0.8082706766917294 0.10526315789473684 0.08646616541353383
152.000 0.0 0.8120300751879699 0.10150375939849623 0.08646616541353383
152.500 0.0 0.8157894736842105 0.09774436090225563 0.08646616541353383
153.000 0.0 0.8082706766917294 0.10150375939849623 0.09022556390977443
153.500 0.0 0.8082706766917294 0.10526315789473684 0.08646616541353383
154.000 0.0 0.8157894736842105 0.09774436090225563 0.08646616541353383
154.500 0.0 0.8195488721804511 0.08646616541353383 0.09398496240601503
155.000 0.0 0.8195488721804511 0.08646616541353383 0.09398496240601503
155.500 0.0 0.8157894736842105 0.09398496240601503 0.09022556390977443
156.000 0.0 0.8195488721804511 0.09022556390977443 0.09022556390977443
156.500 0.0 0.8157894736842105 0.09398496240601503 0.09022556390977443
157.000 0.0 0.8007518796992481 0.11278195488721804 0.08646616541353383
157.500 0.0 0.8007518796992481 0.11278195488721804 0.08646616541353383
158.000 0.0 0.7969924812030075 0.11654135338345864 0.08646616541353383
158.500 0.0 0.7969924812030075 0.11654135338345864 0.08646616541353383
159.000 0.0 0.7969924812030075 0.11654135338345864 0.08646616541353383
159.500 0.0 0.793233082706767 0.12406015037593984 0.08270676691729323
160.000 0.0 0.7819548872180451 0.13533834586466165 0.08270676691729323
160.500 0.0 0.7857142857142857 0.13157894736842105 0.08270676691729323
161.000 0.0 0.7819548872180451 0.12781954887218044 0.09022556390977443
161.500 0.0 0.7857142857142857 0.12406015037593984 0.09022556390977443
162.000 0.0 0.7894736842105263 0.12030075187969924 0.09022556390977443
162.500 0.0 0.793233082706767 0.11654135338345864 0.09022556390977443
163.000 0.0 0.7969924812030075 0.11654135338345864 0.08646616541353383
163.500 0.0 0.793233082706767 0.12406015037593984 0.08270676691729323
164.000 0.0 0.7969924812030075 0.12406015037593984 0.07894736842105263
164.500 0.0 0.8007518796992481 0.12030075187969924 0.07894736842105263
165.000 0.0 0.8045112781954887 0.11654135338345864 0.07894736842105263
165.500 0.0 0.8120300751879699 0.10902255639097744 0.07894736842105263
166.000 0.0 0.8120300751879699 0.10902255639097744 0.07894736842105263
166.500 0.0 0.8082706766917294 0.11278195488721804 0.07894736842105263
167.000 0.0 0.8157894736842105 0.10526315789473684 0.07894736842105263
167.500 0.0 0.8195488721804511 0.10150375939849623 0.07894736842105263
168.000 0.0 0.8195488721804511 0.09398496240601503 0.08646616541353383
168.500 0.0 0.8195488721804511 0.09398496240601503 0.08646616541353383
169.000 0.0 0.8233082706766918 0.09022556390977443 0.08646616541353383
169.500 0.0 0.8270676691729323 0.08646616541353383 0.08646616541353383
170.000 0.0 0.8233082706766918 0.09022556390977443 0.08646616541353383
170.500 0.0 0.8270676691729323 0.08646616541353383 0.08646616541353383
171.000 0.0 0.8270676691729323 0.08646616541353383 0.08646616541353383
171.500 0.0 0.8233082706766918 0.09022556390977443 0.08646616541353383
172.000 0.0 0.8233082706766918 0.09022556390977443 0.08646616541353383
172.500 0.0 0.8233082706766918 0.09022556390977443 0.08646616541353383
173.000 0.0 0.8233082706766918 0.09022556390977443 0.08646616541353383
173.500 0.0 0.8195488721804511 0.09398496240601503 0.08646616541353383
174.000 0.0 0.8233082706766918 0.09774436090225563 0.07894736842105263
174.500 0.0 0.8233082706766918 0.09398496240601503 0.08270676691729323
175.000 0.0 0.8157894736842105 0.10150375939849623 0.08270676691729323
175.500 0.0 0.8157894736842105 0.10150375939849623 0.08270676691729323
176.000 0.0 0.8120300751879699 0.10526315789473684 0.08270676691729323
176.500 0.0 0.8195488721804511 0.09774436090225563 0.08270676691729323
177.000 0.0 0.8195488721804511 0.09774436090225563 0.08270676691729323
177.500 0.0 0.8157894736842105 0.10150375939849623 0.08270676691729323
178.000 0.0 0.8045112781954887 0.11278195488721804 0.08270676691729323
178.500 0.0 0.8045112781954887 0.11654135338345864 0.07894736842105263
179.000 0.0 0.8082706766917294 0.10902255639097744 0.08270676691729323
179.500 0.0 0.8082706766917294 0.10902255639097744 0.08270676691729323
180.000 0.0 0.8045112781954887 0.11278195488721804 0.08270676691729323
180.500 0.0 0.8007518796992481 0.11278195488721804 0.08646616541353383
181.000 0.0 0.8045112781954887 0.11278195488721804 0.08270676691729323
181.500 0.0 0.8045112781954887 0.10902255639097744 0.08646616541353383
182.000 0.0 0.8045112781954887 0.10902255639097744 0.08646616541353383
182.500 0.0 0.8007518796992481 0.10526315789473684 0.09398496240601503
183.000 0.0 0.8045112781954887 0.09774436090225563 0.09774436090225563
183.500 0.0 0.8045112781954887 0.10150375939849623 0.09398496240601503
184.000 0.0 0.7894736842105263 0.11654135338345864 0.09398496240601503
184.500 0.0 0.7894736842105263 0.11654135338345864 0.09398496240601503
185.000 0.0 0.793233082706767 0.11278195488721804 0.09398496240601503
185.500 0.0 0.7969924812030075 0.10902255639097744 0.09398496240601503
186.000 0.0 0.793233082706767 0.11654135338345864 0.09022556390977443
186.500 0.0 0.7969924812030075 0.11278195488721804 0.09022556390977443
187.000 0.0 0.793233082706767 0.11654135338345864 0.09022556390977443
187.500 0.0 0.793233082706767 0.11654135338345864 0.09022556390977443
188.000 0.0 0.793233082706767 0.11654135338345864 0.09022556390977443
188.500 0.0 0.7969924812030075 0.11278195488721804 0.09022556390977443
189.000 0.0 0.8007518796992481 0.10526315789473684 0.09398496240601503
189.500 0.0 0.8045112781954887 0.10150375939849623 0.09398496240601503
190.000 0.0 0.8007518796992481 0.10150375939849623 0.09774436090225563
190.500 0.0 0.8007518796992481 0.10526315789473684 0.09398496240601503
191.000 0.0 0.8045112781954887 0.10150375939849623 0.09398496240601503
191.500 0.0 0.8045112781954887 0.10150375939849623 0.09398496240601503
192.000 0.0 0.8045112781954887 0.10526315789473684 0.09022556390977443
192.500 0.0 0.8120300751879699 0.10150375939849623 0.08646616541353383
193.000 0.0 0.8082706766917294 0.10526315789473684 0.08646616541353383
193.500 0.0 0.8007518796992481 0.11278195488721804 0.08646616541353383
194.000 0.0 0.8082706766917294 0.10526315789473684 0.08646616541353383
194.500 0.0 0.8045112781954887 0.10902255639097744 0.08646616541353383
195.000 0.0 0.8007518796992481 0.11654135338345864 0.08270676691729323
195.500 0.0 0.8082706766917294 0.10902255639097744 0.08270676691729323
196.000 0.0 0.8045112781954887 0.11278195488721804 0.08270676691729323
196.500 0.0 0.8045112781954887 0.11278195488721804 0.08270676691729323
197.000 0.0 0.8045112781954887 0.11278195488721804 0.08270676691729323
197.500 0.0 0.8007518796992481 0.12030075187969924 0.07894736842105263
198.000 0.0 0.8007518796992481 0.12030075187969924 0.07894736842105263
198.500 0.0 0.8045112781954887 0.12030075187969924 0.07518796992481203
199.000 0.0 0.8007518796992481 0.12781954887218044 0.07142857142857142
199.500 0.0 0.7969924812030075 0.13157894736842105 0.07142857142857142
200.000 0.0 0.7969924812030075 0.13157894736842105 0.07142857142857142
