0.000 0.0 0.0 1.0
0.500 0.0 0.0 1.0
1.000 0.0 0.0 1.0
1.500 0.0 0.015873015873015872 0.9841269841269841
2.000 0.0 0.09523809523809523 0.9047619047619048
2.500 0.0 0.31746031746031744 0.6825396825396826
3.000 0.0 0.4126984126984127 0.5873015873015873
3.500 0.0 0.5238095238095238 0.47619047619047616
4.000 0.0 0.5238095238095238 0.47619047619047616
4.500 0.0 0.5238095238095238 0.47619047619047616
5.000 0.0 0.5873015873015873 0.4126984126984127
5.500 0.0 0.6031746031746031 0.3968253968253968
6.000 0.0 0.6031746031746031 0.3968253968253968
6.500 0.0 0.6190476190476191 0.38095238095238093
7.000 0.0 0.6349206349206349 0.36507936507936506
7.500 0.0 0.6507936507936508 0.3492063492063492
8.000 0.0 0.6825396825396826 0.31746031746031744
8.500 0.0 0.6825396825396826 0.31746031746031744
9.000 0.0 0.6666666666666666 0.3333333333333333
9.500 0.0 0.6666666666666666 0.3333333333333333
10.000 0.0 0.6666666666666666 0.3333333333333333
10.500 0.0 0.6507936507936508 0.3492063492063492
11.000 0.0 0.6666666666666666 0.3333333333333333
11.500 0.015873015873015872 0.6825396825396826 0.30158730158730157
12.000 0.015873015873015872 0.6984126984126984 0.2857142857142857
12.500 0.015873015873015872 0.6984126984126984 0.2857142857142857
13.000 0.047619047619047616 0.6666666666666666 0.2857142857142857
13.500 0.07936507936507936 0.6507936507936508 0.2698412698412698
14.000 0.1111111111111111 0.6190476190476191 0.2698412698412698
14.500 0.1746031746031746 0.5714285714285714 0.25396825396825395
15.000 0.20634920634920634 0.5396825396825397 0.25396825396825395
15.500 0.2222222222222222 0.5238095238095238 0.25396825396825395
16.000 0.23809523809523808 0.5079365079365079 0.25396825396825395
16.500 0.25396825396825395 0.5396825396825397 0.20634920634920634
17.000 0.2698412698412698 0.5555555555555556 0.1746031746031746
17.500 0.2698412698412698 0.5555555555555556 0.1746031746031746
18.000 0.2698412698412698 0.5396825396825397 0.19047619047619047
18.500 0.2857142857142857 0.5238095238095238 0.19047619047619047
19.000 0.2857142857142857 0.5079365079365079 0.20634920634920634
19.500 0.2857142857142857 0.5238095238095238 0.19047619047619047
20.000 0.2857142857142857 0.5238095238095238 0.19047619047619047
20.500 0.30158730158730157 0.5238095238095238 0.1746031746031746
21.000 0.31746031746031744 0.5396825396825397 0.14285714285714285
21.500 0.31746031746031744 0.5238095238095238 0.15873015873015872
22.000 0.36507936507936506 0.47619047619047616 0.15873015873015872
22.500 0.3492063492063492 0.49206349206349204 0.15873015873015872
23.000 0.36507936507936506 0.49206349206349204 0.14285714285714285
23.500 0.3968253968253968 0.4603174603174603 0.14285714285714285
24.000 0.42857142857142855 0.42857142857142855 0.14285714285714285
24.500 0.4603174603174603 0.38095238095238093 0.15873015873015872
25.000 0.4603174603174603 0.3968253968253968 0.14285714285714285
25.500 0.47619047619047616 0.36507936507936506 0.15873015873015872
26.000 0.49206349206349204 0.36507936507936506 0.14285714285714285
26.500 0.49206349206349204 0.36507936507936506 0.14285714285714285
27.000 0.5079365079365079 0.36507936507936506 0.12698412698412698
27.500 0.5238095238095238 0.3492063492063492 0.12698412698412698
28.000 0.5238095238095238 0.3492063492063492 0.12698412698412698
28.500 0.5238095238095238 0.3492063492063492 0.12698412698412698
29.000 0.5079365079365079 0.36507936507936506 0.12698412698412698
29.500 0.5555555555555556 0.31746031746031744 0.12698412698412698
30.000 0.5555555555555556 0.31746031746031744 0.12698412698412698
30.500 0.5396825396825397 0.3333333333333333 0.12698412698412698
31.000 0.5396825396825397 0.3492063492063492 0.1111111111111111
31.500 0.5396825396825397 0.3492063492063492 0.1111111111111111
32.000 0.5555555555555556 0.31746031746031744 0.12698412698412698
32.500 0.5714285714285714 0.30158730158730157 0.12698412698412698
33.000 0.5714285714285714 0.31746031746031744 0.1111111111111111
33.500 0.5714285714285714 0.30158730158730157 0.12698412698412698
34.000 0.5873015873015873 0.2698412698412698 0.14285714285714285
34.500 0.6031746031746031 0.25396825396825395 0.14285714285714285
35.000 0.5873015873015873 0.2698412698412698 0.14285714285714285
35.500 0.5714285714285714 0.2857142857142857 0.14285714285714285
36.000 0.5555555555555556 0.2698412698412698 0.1746031746031746
36.500 0.5396825396825397 0.2857142857142857 0.1746031746031746
37.000 0.5396825396825397 0.2857142857142857 0.1746031746031746
37.500 0.5396825396825397 0.30158730158730157 0.15873015873015872
38.000 0.5555555555555556 0.2857142857142857 0.15873015873015872
38.500 0.5714285714285714 0.25396825396825395 0.1746031746031746
39.000 0.5714285714285714 0.25396825396825395 0.1746031746031746
39.500 0.5555555555555556 0.2698412698412698 0.1746031746031746
40.000 0.5555555555555556 0.25396825396825395 0.19047619047619047
40.500 0.5555555555555556 0.2698412698412698 0.1746031746031746
41.000 0.5555555555555556 0.2698412698412698 0.1746031746031746
41.500 0.5873015873015873 0.25396825396825395 0.15873015873015872
42.000 0.5873015873015873 0.2698412698412698 0.14285714285714285
42.500 0.5873015873015873 0.2857142857142857 0.12698412698412698
43.000 0.5873015873015873 0.2698412698412698 0.14285714285714285
43.500 0.5873015873015873 0.2698412698412698 0.14285714285714285
44.000 0.5873015873015873 0.2857142857142857 0.12698412698412698
44.500 0.6031746031746031 0.2698412698412698 0.12698412698412698
45.000 0.5873015873015873 0.2698412698412698 0.14285714285714285
45.500 0.6031746031746031 0.2698412698412698 0.12698412698412698
46.000 0.5873015873015873 0.2857142857142857 0.12698412698412698
46.500 0.5873015873015873 0.2698412698412698 0.14285714285714285
47.000 0.6031746031746031 0.25396825396825395 0.14285714285714285
47.500 0.6190476190476191 0.23809523809523808 0.14285714285714285
48.000 0.6190476190476191 0.23809523809523808 0.14285714285714285
48.500 0.6190476190476191 0.23809523809523808 0.14285714285714285
49.000 0.6031746031746031 0.2857142857142857 0.1111111111111111
49.500 0.5714285714285714 0.31746031746031744 0.1111111111111111
50.000 0.5714285714285714 0.3333333333333333 0.09523809523809523
50.500 0.5396825396825397 0.38095238095238093 0.07936507936507936
51.000 0.5714285714285714 0.3333333333333333 0.09523809523809523
51.500 0.5714285714285714 0.36507936507936506 0.06349206349206349
52.000 0.5714285714285714 0.36507936507936506 0.06349206349206349
52.500 0.6031746031746031 0.3333333333333333 0.06349206349206349
53.000 0.6031746031746031 0.3333333333333333 0.06349206349206349
53.500 0.6031746031746031 0.3333333333333333 0.06349206349206349
54.000 0.6190476190476191 0.31746031746031744 0.06349206349206349
54.500 0.5714285714285714 0.3492063492063492 0.07936507936507936
55.000 0.5714285714285714 0.3333333333333333 0.09523809523809523
55.500 0.5714285714285714 0.3492063492063492 0.07936507936507936
56.000 0.6031746031746031 0.3333333333333333 0.06349206349206349
56.500 0.6031746031746031 0.3333333333333333 0.06349206349206349
57.000 0.6129032258064516 0.2903225806451613 0.0967741935483871
57.500 0.6290322580645161 0.25806451612903225 0.11290322580645161
58.000 0.6290322580645161 0.25806451612903225 0.11290322580645161
58.500 0.5967741935483871 0.27419354838709675 0.12903225806451613
59.000 0.5806451612903226 0.2903225806451613 0.12903225806451613
59.500 0.5483870967741935 0.3225806451612903 0.12903225806451613
60.000 0.5483870967741935 0.3064516129032258 0.14516129032258066
60.500 0.5483870967741935 0.3064516129032258 0.14516129032258066
61.000 0.5483870967741935 0.3064516129032258 0.14516129032258066
61.500 0.5483870967741935 0.3064516129032258 0.14516129032258066
62.000 0.5161290322580645 0.3387096774193548 0.14516129032258066
62.500 0.5161290322580645 0.3548387096774194 0.12903225806451613
63.000 0.532258064516129 0.3225806451612903 0.14516129032258066
63.500 0.532258064516129 0.3064516129032258 0.16129032258064516
64.000 0.5483870967741935 0.2903225806451613 0.16129032258064516
64.500 0.5573770491803278 0.2786885245901639 0.16393442622950818
65.000 0.5737704918032787 0.2786885245901639 0.14754098360655737
65.500 0.5737704918032787 0.2786885245901639 0.14754098360655737
66.000 0.5737704918032787 0.29508196721311475 0.13114754098360656
66.500 0.5409836065573771 0.3114754098360656 0.14754098360655737
67.000 0.5901639344262295 0.2786885245901639 0.13114754098360656
67.500 0.5901639344262295 0.29508196721311475 0.11475409836065574
68.000 0.5901639344262295 0.3114754098360656 0.09836065573770492
68.500 0.5901639344262295 0.32786885245901637 0.08196721311475409
69.000 0.5737704918032787 0.3442622950819672 0.08196721311475409
69.500 0.5573770491803278 0.36065573770491804 0.08196721311475409
70.000 0.5573770491803278 0.32786885245901637 0.11475409836065574
70.500 0.5901639344262295 0.26229508196721313 0.14754098360655737
71.000 0.5901639344262295 0.2786885245901639 0.13114754098360656
71.500 0.6229508196721312 0.2459016393442623 0.13114754098360656
72.000 0.6229508196721312 0.26229508196721313 0.11475409836065574
72.500 0.6065573770491803 0.2786885245901639 0.11475409836065574
73.000 0.6065573770491803 0.2786885245901639 0.11475409836065574
73.500 0.6229508196721312 0.2459016393442623 0.13114754098360656
74.000 0.6065573770491803 0.26229508196721313 0.13114754098360656
74.500 0.6229508196721312 0.26229508196721313 0.11475409836065574
75.000 0.6065573770491803 0.2459016393442623 0.14754098360655737
75.500 0.5901639344262295 0.2786885245901639 0.13114754098360656
76.000 0.5737704918032787 0.26229508196721313 0.16393442622950818
76.500 0.5737704918032787 0.26229508196721313 0.16393442622950818
77.000 0.5901639344262295 0.26229508196721313 0.14754098360655737
77.500 0.6229508196721312 0.2459016393442623 0.13114754098360656
78.000 0.5901639344262295 0.29508196721311475 0.11475409836065574
78.500 0.5901639344262295 0.29508196721311475 0.11475409836065574
79.000 0.5901639344262295 0.29508196721311475 0.11475409836065574
79.500 0.5901639344262295 0.29508196721311475 0.11475409836065574
80.000 0.5737704918032787 0.29508196721311475 0.13114754098360656
80.500 0.5737704918032787 0.2786885245901639 0.14754098360655737
81.000 0.5901639344262295 0.29508196721311475 0.11475409836065574
81.500 0.6065573770491803 0.2786885245901639 0.11475409836065574
82.000 0.6065573770491803 0.2786885245901639 0.11475409836065574
82.500 0.5901639344262295 0.29508196721311475 0.11475409836065574
83.000 0.5901639344262295 0.29508196721311475 0.11475409836065574
83.500 0.5737704918032787 0.29508196721311475 0.13114754098360656
84.000 0.5901639344262295 0.2786885245901639 0.13114754098360656
84.500 0.6166666666666667 0.25 0.13333333333333333
85.000 0.6333333333333333 0.23333333333333334 0.13333333333333333
85.500 0.6 0.26666666666666666 0.13333333333333333
86.000 0.5666666666666667 0.3 0.13333333333333333
86.500 0.5333333333333333 0.3333333333333333 0.13333333333333333
87.000 0.5333333333333333 0.3333333333333333 0.13333333333333333
87.500 0.5 0.35 0.15
88.000 0.5333333333333333 0.31666666666666665 0.15
88.500 0.5333333333333333 0.3 0.16666666666666666
89.000 0.5666666666666667 0.3 0.13333333333333333
89.500 0.5666666666666667 0.26666666666666666 0.16666666666666666
90.000 0.5666666666666667 0.2833333333333333 0.15
90.500 0.5833333333333334 0.26666666666666666 0.15
91.000 0.5833333333333334 0.26666666666666666 0.15
91.500 0.55 0.3 0.15
92.000 0.5166666666666667 0.35 0.13333333333333333
92.500 0.5333333333333333 0.3333333333333333 0.13333333333333333
93.000 0.5 0.36666666666666664 0.13333333333333333
93.500 0.5333333333333333 0.3333333333333333 0.13333333333333333
94.000 0.5666666666666667 0.3 0.13333333333333333
94.500 0.55 0.35 0.1
95.000 0.6 0.3 0.1
95.500 0.6166666666666667 0.2833333333333333 0.1
96.000 0.6 0.31666666666666665 0.08333333333333333
96.500 0.559322033898305 0.3389830508474576 0.1016949152542373
97.000 0.5714285714285714 0.3392857142857143 0.08928571428571429
97.500 0.5892857142857143 0.30357142857142855 0.10714285714285714
98.000 0.5714285714285714 0.30357142857142855 0.125
98.500 0.5714285714285714 0.32142857142857145 0.10714285714285714
99.000 0.5714285714285714 0.32142857142857145 0.10714285714285714
99.500 0.5535714285714286 0.3392857142857143 0.10714285714285714
100.000 0.5535714285714286 0.3392857142857143 0.10714285714285714
