0.000 0.0 0.05263157894736842 0.19172932330827067 0.7556390977443609
0.500 0.0 0.05263157894736842 0.19548872180451127 0.7518796992481203
1.000 0.0 0.05263157894736842 0.19548872180451127 0.7518796992481203
1.500 0.0 0.05263157894736842 0.19924812030075187 0.7481203007518797
2.000 0.0 0.05263157894736842 0.19548872180451127 0.7518796992481203
2.500 0.0 0.06015037593984962 0.21052631578947367 0.7293233082706767
3.000 0.0 0.07142857142857142 0.19924812030075187 0.7293233082706767
3.500 0.0 0.07518796992481203 0.20676691729323307 0.7180451127819549
4.000 0.0 0.09398496240601503 0.19548872180451127 0.7105263157894737
4.500 0.0 0.09774436090225563 0.19924812030075187 0.7030075187969925
5.000 0.0 0.09774436090225563 0.21052631578947367 0.6917293233082706
5.500 0.0 0.09398496240601503 0.21804511278195488 0.6879699248120301
6.000 0.0 0.10902255639097744 0.20676691729323307 0.6842105263157895
6.500 0.0 0.12406015037593984 0.19548872180451127 0.6804511278195489
7.000 0.0 0.12781954887218044 0.20300751879699247 0.6691729323308271
7.500 0.0 0.15789473684210525 0.18045112781954886 0.6616541353383458
8.000 0.0 0.16541353383458646 0.18045112781954886 0.6541353383458647
8.500 0.0 0.17293233082706766 0.17293233082706766 0.6541353383458647
9.000 0.0 0.17669172932330826 0.17669172932330826 0.6466165413533834
9.500 0.0 0.18421052631578946 0.18045112781954886 0.6353383458646616
10.000 0.0 0.19172932330827067 0.19172932330827067 0.6165413533834586
10.500 0.0 0.19172932330827067 0.20300751879699247 0.6052631578947368
11.000 0.0 0.19548872180451127 0.20676691729323307 0.5977443609022557
11.500 0.0 0.20300751879699247 0.22180451127819548 0.575187969924812
12.000 0.0 0.20676691729323307 0.22932330827067668 0.5639097744360902
12.500 0.0 0.21052631578947367 0.22932330827067668 0.5601503759398496
13.000 0.0 0.20676691729323307 0.23308270676691728 0.5601503759398496
13.500 0.0 0.21428571428571427 0.22556390977443608 0.5601503759398496
14.000 0.0 0.21804511278195488 0.23684210526315788 0.5451127819548872
14.500 0.0 0.22180451127819548 0.23308270676691728 0.5451127819548872
15.000 0.0 0.21804511278195488 0.23308270676691728 0.5488721804511278
15.500 0.0 0.22556390977443608 0.24060150375939848 0.5338345864661654
16.000 0.0 0.22932330827067668 0.23684210526315788 0.5338345864661654
16.500 0.0 0.23684210526315788 0.24060150375939848 0.5225563909774437
17.000 0.0 0.24436090225563908 0.24060150375939848 0.5150375939849624
17.500 0.0 0.24436090225563908 0.2518796992481203 0.5037593984962406
18.000 0.0 0.24812030075187969 0.24812030075187969 0.5037593984962406
18.500 0.0 0.24812030075187969 0.2593984962406015 0.4924812030075188
19.000 0.0 0.24436090225563908 0.2631578947368421 0.4924812030075188
19.500 0.0 0.2556390977443609 0.2556390977443609 0.48872180451127817
20.000 0.0 0.2556390977443609 0.2669172932330827 0.4774436090225564
20.500 0.0 0.2706766917293233 0.2556390977443609 0.47368421052631576
21.000 0.0 0.2819548872180451 0.2593984962406015 0.45864661654135336
21.500 0.0 0.2894736842105263 0.2556390977443609 0.4548872180451128
22.000 0.0 0.3007518796992481 0.24436090225563908 0.4548872180451128
22.500 0.0 0.30451127819548873 0.24436090225563908 0.45112781954887216
23.000 0.0 0.3082706766917293 0.23684210526315788 0.4548872180451128
23.500 0.0 0.3082706766917293 0.24060150375939848 0.45112781954887216
24.000 0.0 0.3157894736842105 0.23308270676691728 0.45112781954887216
24.500 0.0 0.3308270676691729 0.22180451127819548 0.4473684210526316
25.000 0.0 0.33458646616541354 0.21804511278195488 0.4473684210526316
25.500 0.0 0.34210526315789475 0.21052631578947367 0.4473684210526316
26.000 0.0 0.3458646616541353 0.21052631578947367 0.44360902255639095
26.500 0.0 0.34962406015037595 0.20676691729323307 0.44360902255639095
27.000 0.0 0.3533834586466165 0.20676691729323307 0.4398496240601504
27.500 0.0 0.3684210526315789 0.19548872180451127 0.43609022556390975
28.000 0.0 0.3684210526315789 0.19924812030075187 0.4323308270676692
28.500 0.0 0.37593984962406013 0.19548872180451127 0.42857142857142855
29.000 0.0 0.37593984962406013 0.20300751879699247 0.42105263157894735
29.500 0.0 0.38721804511278196 0.19548872180451127 0.41729323308270677
30.000 0.0 0.38721804511278196 0.21804511278195488 0.39473684210526316
30.500 0.0 0.39473684210526316 0.21804511278195488 0.38721804511278196
31.000 0.0 0.40601503759398494 0.20676691729323307 0.38721804511278196
31.500 0.0 0.41729323308270677 0.21428571428571427 0.3684210526315789
32.000 0.0 0.4398496240601504 0.18796992481203006 0.37218045112781956
32.500 0.0 0.4473684210526316 0.19172932330827067 0.3609022556390977
33.000 0.0 0.4548872180451128 0.18796992481203006 0.35714285714285715
33.500 0.0 0.47368421052631576 0.17293233082706766 0.3533834586466165
34.000 0.0 0.4774436090225564 0.18421052631578946 0.3383458646616541
34.500 0.0 0.48872180451127817 0.17669172932330826 0.33458646616541354
35.000 0.0 0.5 0.16165413533834586 0.3383458646616541
35.500 0.0 0.5 0.16541353383458646 0.33458646616541354
36.000 0.0 0.5 0.17669172932330826 0.3233082706766917
36.500 0.0 0.5037593984962406 0.17293233082706766 0.3233082706766917
37.000 0.0 0.5150375939849624 0.16541353383458646 0.31954887218045114
37.500 0.0 0.5150375939849624 0.16541353383458646 0.31954887218045114
38.000 0.0 0.5075187969924813 0.17293233082706766 0.31954887218045114
38.500 0.0 0.5112781954887218 0.16917293233082706 0.31954887218045114
39.000 0.0 0.5112781954887218 0.16917293233082706 0.31954887218045114
39.500 0.0 0.5150375939849624 0.16917293233082706 0.3157894736842105
40.000 0.0 0.5225563909774437 0.16541353383458646 0.31203007518796994
40.500 0.0 0.5263157894736842 0.16165413533834586 0.31203007518796994
41.000 0.0 0.5338345864661654 0.16541353383458646 0.3007518796992481
41.500 0.0 0.5451127819548872 0.15789473684210525 0.29699248120300753
42.000 0.0 0.5451127819548872 0.15789473684210525 0.29699248120300753
42.500 0.0 0.5413533834586466 0.16165413533834586 0.29699248120300753
43.000 0.0 0.5488721804511278 0.15413533834586465 0.29699248120300753
43.500 0.0 0.5601503759398496 0.14661654135338345 0.2932330827067669
44.000 0.0 0.5676691729323309 0.14285714285714285 0.2894736842105263
44.500 0.0 0.5676691729323309 0.14661654135338345 0.2857142857142857
45.000 0.0 0.5676691729323309 0.15789473684210525 0.2744360902255639
45.500 0.0 0.575187969924812 0.15037593984962405 0.2744360902255639
46.000 0.0 0.5827067669172933 0.14285714285714285 0.2744360902255639
46.500 0.0 0.5827067669172933 0.14285714285714285 0.2744360902255639
47.000 0.0 0.5902255639097744 0.14285714285714285 0.2669172932330827
47.500 0.0 0.5864661654135338 0.15413533834586465 0.2593984962406015
48.000 0.0 0.5827067669172933 0.16165413533834586 0.2556390977443609
48.500 0.0 0.5827067669172933 0.16917293233082706 0.24812030075187969
49.000 0.0 0.5864661654135338 0.16917293233082706 0.24436090225563908
49.500 0.0 0.5939849624060151 0.16541353383458646 0.24060150375939848
50.000 0.0 0.5939849624060151 0.16165413533834586 0.24436090225563908
50.500 0.0 0.6052631578947368 0.16165413533834586 0.23308270676691728
51.000 0.0 0.6090225563909775 0.17669172932330826 0.21428571428571427
51.500 0.0 0.6165413533834586 0.17293233082706766 0.21052631578947367
52.000 0.0 0.6278195488721805 0.16165413533834586 0.21052631578947367
52.500 0.0 0.6278195488721805 0.16165413533834586 0.21052631578947367
53.000 0.0 0.631578947368421 0.16541353383458646 0.20300751879699247
53.500 0.0 0.631578947368421 0.16541353383458646 0.20300751879699247
54.000 0.0 0.6278195488721805 0.17293233082706766 0.19924812030075187
54.500 0.0 0.6466165413533834 0.15413533834586465 0.19924812030075187
55.000 0.0 0.6541353383458647 0.15037593984962405 0.19548872180451127
55.500 0.0 0.6541353383458647 0.15413533834586465 0.19172932330827067
56.000 0.0 0.650375939849624 0.15413533834586465 0.19548872180451127
56.500 0.0 0.6578947368421053 0.15037593984962405 0.19172932330827067
57.000 0.0 0.6616541353383458 0.14285714285714285 0.19548872180451127
57.500 0.0 0.6578947368421053 0.15037593984962405 0.19172932330827067
58.000 0.0 0.6578947368421053 0.14661654135338345 0.19548872180451127
58.500 0.0 0.6691729323308271 0.13157894736842105 0.19924812030075187
59.000 0.0 0.6842105263157895 0.12030075187969924 0.19548872180451127
59.500 0.0 0.6842105263157895 0.12406015037593984 0.19172932330827067
60.000 0.0 0.6842105263157895 0.11654135338345864 0.19924812030075187
60.500 0.0 0.6917293233082706 0.11278195488721804 0.19548872180451127
61.000 0.0 0.6879699248120301 0.11654135338345864 0.19548872180451127
61.500 0.0 0.6879699248120301 0.12030075187969924 0.19172932330827067
62.000 0.0 0.6879699248120301 0.12030075187969924 0.19172932330827067
62.500 0.0 0.6879699248120301 0.11654135338345864 0.19548872180451127
63.000 0.0 0.6917293233082706 0.11278195488721804 0.19548872180451127
63.500 0.0 0.6954887218045113 0.10902255639097744 0.19548872180451127
64.000 0.0 0.7030075187969925 0.09774436090225563 0.19924812030075187
64.500 0.0 0.706766917293233 0.09774436090225563 0.19548872180451127
65.000 0.0 0.706766917293233 0.09774436090225563 0.19548872180451127
65.500 0.0 0.706766917293233 0.10150375939849623 0.19172932330827067
66.000 0.0 0.7030075187969925 0.11278195488721804 0.18421052631578946
66.500 0.0 0.7142857142857143 0.10150375939849623 0.18421052631578946
67.000 0.0 0.7180451127819549 0.10150375939849623 0.18045112781954886
67.500 0.0 0.7255639097744361 0.09774436090225563 0.17669172932330826
68.000 0.0 0.7255639097744361 0.10150375939849623 0.17293233082706766
68.500 0.0 0.7218045112781954 0.10902255639097744 0.16917293233082706
69.000 0.0 0.7180451127819549 0.11278195488721804 0.16917293233082706
69.500 0.0 0.7218045112781954 0.11278195488721804 0.16541353383458646
70.000 0.0 0.7255639097744361 0.10526315789473684 0.16917293233082706
70.500 0.0 0.7330827067669173 0.09398496240601503 0.17293233082706766
71.000 0.0 0.7293233082706767 0.10526315789473684 0.16541353383458646
71.500 0.0 0.7293233082706767 0.10526315789473684 0.16541353383458646
72.000 0.0 0.7293233082706767 0.10526315789473684 0.16541353383458646
72.500 0.0 0.7293233082706767 0.10526315789473684 0.16541353383458646
73.000 0.0 0.7293233082706767 0.10902255639097744 0.16165413533834586
73.500 0.0 0.7406015037593985 0.09774436090225563 0.16165413533834586
74.000 0.0 0.7481203007518797 0.09774436090225563 0.15413533834586465
74.500 0.0 0.7406015037593985 0.10526315789473684 0.15413533834586465
75.000 0.0 0.7443609022556391 0.10150375939849623 0.15413533834586465
75.500 0.0 0.7406015037593985 0.10526315789473684 0.15413533834586465
76.000 0.0 0.7406015037593985 0.10150375939849623 0.15789473684210525
76.500 0.0 0.7481203007518797 0.09774436090225563 0.15413533834586465
77.000 0.0 0.7518796992481203 0.10150375939849623 0.14661654135338345
77.500 0.0 0.7556390977443609 0.10150375939849623 0.14285714285714285
78.000 0.0 0.7593984962406015 0.10150375939849623 0.13909774436090225
78.500 0.0 0.7669172932330827 0.09398496240601503 0.13909774436090225
79.000 0.0 0.7669172932330827 0.09398496240601503 0.13909774436090225
79.500 0.0 0.7669172932330827 0.09774436090225563 0.13533834586466165
80.000 0.0 0.7706766917293233 0.09774436090225563 0.13157894736842105
80.500 0.0 0.7744360902255639 0.09398496240601503 0.13157894736842105
81.000 0.0 0.7781954887218046 0.09022556390977443 0.13157894736842105
81.500 0.0 0.7819548872180451 0.09022556390977443 0.12781954887218044
82.000 0.0 0.7819548872180451 0.09398496240601503 0.12406015037593984
82.500 0.0 0.7819548872180451 0.09774436090225563 0.12030075187969924
83.000 0.0 0.7819548872180451 0.09774436090225563 0.12030075187969924
83.500 0.0 0.7819548872180451 0.09774436090225563 0.12030075187969924
84.000 0.0 0.7819548872180451 0.09774436090225563 0.12030075187969924
84.500 0.0 0.7819548872180451 0.09774436090225563 0.12030075187969924
85.000 0.0 0.7819548872180451 0.09774436090225563 0.12030075187969924
85.500 0.0 0.7857142857142857 0.09398496240601503 0.12030075187969924
86.000 0.0 0.7857142857142857 0.09398496240601503 0.12030075187969924
86.500 0.0 0.7894736842105263 0.09022556390977443 0.12030075187969924
87.000 0.0 0.793233082706767 0.08646616541353383 0.12030075187969924
87.500 0.0 0.793233082706767 0.08646616541353383 0.12030075187969924
88.000 0.0 0.7894736842105263 0.09398496240601503 0.11654135338345864
88.500 0.0 0.7894736842105263 0.09398496240601503 0.11654135338345864
89.000 0.0 0.7894736842105263 0.09774436090225563 0.11278195488721804
89.500 0.0 0.7894736842105263 0.09774436090225563 0.11278195488721804
90.000 0.0 0.7894736842105263 0.10150375939849623 0.10902255639097744
90.500 0.0 0.7894736842105263 0.09774436090225563 0.11278195488721804
91.000 0.0 0.793233082706767 0.09398496240601503 0.11278195488721804
91.500 0.0 0.793233082706767 0.09774436090225563 0.10902255639097744
92.000 0.0 0.793233082706767 0.09774436090225563 0.10902255639097744
92.500 0.0 0.7969924812030075 0.09022556390977443 0.11278195488721804
93.000 0.0 0.7969924812030075 0.09022556390977443 0.11278195488721804
93.500 0.0 0.8007518796992481 0.08270676691729323 0.11654135338345864
94.000 0.0 0.8007518796992481 0.08270676691729323 0.11654135338345864
94.500 0.0 0.8045112781954887 0.08270676691729323 0.11278195488721804
95.000 0.0 0.8045112781954887 0.08270676691729323 0.11278195488721804
95.500 0.0 0.8045112781954887 0.08270676691729323 0.11278195488721804
96.000 0.0 0.8045112781954887 0.08270676691729323 0.11278195488721804
96.500 0.0 0.8007518796992481 0.08646616541353383 0.11278195488721804
97.000 0.0 0.8007518796992481 0.08646616541353383 0.11278195488721804
97.500 0.0 0.8007518796992481 0.08646616541353383 0.11278195488721804
98.000 0.0 0.8045112781954887 0.08270676691729323 0.11278195488721804
98.500 0.0 0.8045112781954887 0.07894736842105263 0.11654135338345864
99.000 0.0 0.8045112781954887 0.07894736842105263 0.11654135338345864
99.500 0.0 0.8045112781954887 0.07894736842105263 0.11654135338345864
100.000 0.0 0.8157894736842105 0.06766917293233082 0.11654135338345864
100.500 0.0 0.8157894736842105 0.06766917293233082 0.11654135338345864
101.000 0.0 0.8157894736842105 0.06766917293233082 0.11654135338345864
101.500 0.0 0.8157894736842105 0.06766917293233082 0.11654135338345864
102.000 0.0 0.8157894736842105 0.06766917293233082 0.11654135338345864
102.500 0.0 0.8157894736842105 0.06766917293233082 0.11654135338345864
103.000 0.0 0.8157894736842105 0.07142857142857142 0.11278195488721804
103.500 0.0 0.8157894736842105 0.07142857142857142 0.11278195488721804
104.000 0.0 0.8195488721804511 0.06766917293233082 0.11278195488721804
104.500 0.0 0.8195488721804511 0.06766917293233082 0.11278195488721804
105.000 0.0 0.8195488721804511 0.07142857142857142 0.10902255639097744
105.500 0.0 0.8233082706766918 0.06766917293233082 0.10902255639097744
106.000 0.0 0.8270676691729323 0.06390977443609022 0.10902255639097744
106.500 0.0 0.8233082706766918 0.07518796992481203 0.10150375939849623
107.000 0.0 0.8270676691729323 0.07142857142857142 0.10150375939849623
107.500 0.0 0.8233082706766918 0.07894736842105263 0.09774436090225563
108.000 0.0 0.8233082706766918 0.07894736842105263 0.09774436090225563
108.500 0.0 0.8308270676691729 0.07894736842105263 0.09022556390977443
109.000 0.0 0.8308270676691729 0.07518796992481203 0.09398496240601503
109.500 0.0 0.8308270676691729 0.07518796992481203 0.09398496240601503
110.000 0.0 0.8308270676691729 0.07518796992481203 0.09398496240601503
110.500 0.0 0.8308270676691729 0.07518796992481203 0.09398496240601503
111.000 0.0 0.8308270676691729 0.07518796992481203 0.09398496240601503
111.500 0.0 0.8308270676691729 0.07894736842105263 0.09022556390977443
112.000 0.0 0.8308270676691729 0.08270676691729323 0.08646616541353383
112.500 0.0 0.8308270676691729 0.08270676691729323 0.08646616541353383
113.000 0.0 0.8308270676691729 0.08646616541353383 0.08270676691729323
113.500 0.0 0.8345864661654135 0.08270676691729323 0.08270676691729323
114.000 0.0 0.8383458646616542 0.08270676691729323 0.07894736842105263
114.500 0.0 0.8383458646616542 0.08270676691729323 0.07894736842105263
115.000 0.0 0.8383458646616542 0.08270676691729323 0.07894736842105263
115.500 0.0 0.8421052631578947 0.07894736842105263 0.07894736842105263
116.000 0.0 0.8458646616541353 0.07142857142857142 0.08270676691729323
116.500 0.0 0.849624060150376 0.06766917293233082 0.08270676691729323
117.000 0.0 0.8458646616541353 0.07142857142857142 0.08270676691729323
117.500 0.0 0.8458646616541353 0.07142857142857142 0.08270676691729323
118.000 0.0 0.849624060150376 0.06766917293233082 0.08270676691729323
118.500 0.0 0.849624060150376 0.07142857142857142 0.07894736842105263
119.000 0.0 0.8533834586466166 0.06766917293233082 0.07894736842105263
119.500 0.0 0.8571428571428571 0.06390977443609022 0.07894736842105263
120.000 0.0 0.8533834586466166 0.06766917293233082 0.07894736842105263
120.500 0.0 0.8533834586466166 0.06766917293233082 0.07894736842105263
121.000 0.0 0.8533834586466166 0.06766917293233082 0.07894736842105263
121.500 0.0 0.8533834586466166 0.06766917293233082 0.07894736842105263
122.000 0.0 0.8533834586466166 0.06766917293233082 0.07894736842105263
122.500 0.0 0.8533834586466166 0.06766917293233082 0.07894736842105263
123.000 0.0 0.849624060150376 0.07518796992481203 0.07518796992481203
123.500 0.0 0.849624060150376 0.07518796992481203 0.07518796992481203
124.000 0.0 0.849624060150376 0.07518796992481203 0.07518796992481203
124.500 0.0 0.8533834586466166 0.07142857142857142 0.07518796992481203
125.000 0.0 0.8571428571428571 0.07142857142857142 0.07142857142857142
125.500 0.0 0.8571428571428571 0.07142857142857142 0.07142857142857142
126.000 0.0 0.8609022556390977 0.06766917293233082 0.07142857142857142
126.500 0.0 0.8609022556390977 0.07142857142857142 0.06766917293233082
127.000 0.0 0.8571428571428571 0.07518796992481203 0.06766917293233082
127.500 0.0 0.8571428571428571 0.07518796992481203 0.06766917293233082
128.000 0.0 0.8571428571428571 0.07518796992481203 0.06766917293233082
128.500 0.0 0.8571428571428571 0.07518796992481203 0.06766917293233082
129.000 0.0 0.8571428571428571 0.07518796992481203 0.06766917293233082
129.500 0.0 0.8571428571428571 0.07518796992481203 0.06766917293233082
130.000 0.0 0.8571428571428571 0.07518796992481203 0.06766917293233082
130.500 0.0 0.8571428571428571 0.07518796992481203 0.06766917293233082
131.000 0.0 0.8609022556390977 0.07142857142857142 0.06766917293233082
131.500 0.0 0.8609022556390977 0.07142857142857142 0.06766917293233082
132.000 0.0 0.8609022556390977 0.07518796992481203 0.06390977443609022
132.500 0.0 0.8646616541353384 0.07142857142857142 0.06390977443609022
133.000 0.0 0.8646616541353384 0.07142857142857142 0.06390977443609022
133.500 0.0 0.8646616541353384 0.07142857142857142 0.06390977443609022
134.000 0.0 0.8646616541353384 0.07142857142857142 0.06390977443609022
134.500 0.0 0.8646616541353384 0.07142857142857142 0.06390977443609022
135.000 0.0 0.8646616541353384 0.07142857142857142 0.06390977443609022
135.500 0.0 0.8646616541353384 0.07142857142857142 0.06390977443609022
136.000 0.0 0.8721804511278195 0.06766917293233082 0.06015037593984962
136.500 0.0 0.8721804511278195 0.06390977443609022 0.06390977443609022
137.000 0.0 0.8759398496240601 0.06015037593984962 0.06390977443609022
137.500 0.0 0.8759398496240601 0.06015037593984962 0.06390977443609022
138.000 0.0 0.8759398496240601 0.06015037593984962 0.06390977443609022
138.500 0.0 0.8796992481203008 0.05639097744360902 0.06390977443609022
139.000 0.0 0.8834586466165414 0.05263157894736842 0.06390977443609022
139.500 0.0 0.8834586466165414 0.05263157894736842 0.06390977443609022
140.000 0.0 0.8834586466165414 0.05263157894736842 0.06390977443609022
140.500 0.0 0.8796992481203008 0.05639097744360902 0.06390977443609022
141.000 0.0 0.8796992481203008 0.05639097744360902 0.06390977443609022
141.500 0.0 0.8796992481203008 0.05639097744360902 0.06390977443609022
142.000 0.0 0.8796992481203008 0.05639097744360902 0.06390977443609022
142.500 0.0 0.8834586466165414 0.05263157894736842 0.06390977443609022
143.000 0.0 0.8834586466165414 0.05263157894736842 0.06390977443609022
143.500 0.0 0.8872180451127819 0.05263157894736842 0.06015037593984962
144.000 0.0 0.8872180451127819 0.05263157894736842 0.06015037593984962
144.500 0.0 0.8872180451127819 0.05639097744360902 0.05639097744360902
145.000 0.0 0.8872180451127819 0.05639097744360902 0.05639097744360902
145.500 0.0 0.8909774436090225 0.05639097744360902 0.05263157894736842
146.000 0.0 0.8909774436090225 0.05639097744360902 0.05263157894736842
146.500 0.0 0.8947368421052632 0.05263157894736842 0.05263157894736842
147.000 0.0 0.8947368421052632 0.05263157894736842 0.05263157894736842
147.500 0.0 0.8947368421052632 0.05263157894736842 0.05263157894736842
148.000 0.0 0.8947368421052632 0.05263157894736842 0.05263157894736842
148.500 0.0 0.8984962406015038 0.05263157894736842 0.04887218045112782
149.000 0.0 0.9022556390977443 0.04887218045112782 0.04887218045112782
149.500 0.0 0.9022556390977443 0.04887218045112782 0.04887218045112782
150.000 0.0 0.9022556390977443 0.04887218045112782 0.04887218045112782
150.500 0.0 0.9022556390977443 0.04887218045112782 0.04887218045112782
151.000 0.0 0.8984962406015038 0.05263157894736842 0.04887218045112782
151.500 0.0 0.8947368421052632 0.05639097744360902 0.04887218045112782
152.000 0.0 0.8947368421052632 0.05639097744360902 0.04887218045112782
152.500 0.0 0.8984962406015038 0.05263157894736842 0.04887218045112782
153.000 0.0 0.8947368421052632 0.05639097744360902 0.04887218045112782
153.500 0.0 0.8947368421052632 0.05639097744360902 0.04887218045112782
154.000 0.0 0.8947368421052632 0.05639097744360902 0.04887218045112782
154.500 0.0 0.8947368421052632 0.05639097744360902 0.04887218045112782
155.000 0.0 0.8947368421052632 0.05639097744360902 0.04887218045112782
155.500 0.0 0.8947368421052632 0.05639097744360902 0.04887218045112782
156.000 0.0 0.8947368421052632 0.05639097744360902 0.04887218045112782
156.500 0.0 0.8947368421052632 0.05639097744360902 0.04887218045112782
157.000 0.0 0.8947368421052632 0.05639097744360902 0.04887218045112782
157.500 0.0 0.9022556390977443 0.04887218045112782 0.04887218045112782
158.000 0.0 0.9097744360902256 0.041353383458646614 0.04887218045112782
158.500 0.0 0.9097744360902256 0.041353383458646614 0.04887218045112782
159.000 0.0 0.9097744360902256 0.041353383458646614 0.04887218045112782
159.500 0.0 0.9097744360902256 0.041353383458646614 0.04887218045112782
160.000 0.0 0.9135338345864662 0.03759398496240601 0.04887218045112782
160.500 0.0 0.9135338345864662 0.03759398496240601 0.04887218045112782
161.000 0.0 0.9135338345864662 0.03759398496240601 0.04887218045112782
161.500 0.0 0.9135338345864662 0.03759398496240601 0.04887218045112782
162.000 0.0 0.9060150375939849 0.045112781954887216 0.04887218045112782
162.500 0.0 0.9060150375939849 0.045112781954887216 0.04887218045112782
163.000 0.0 0.9097744360902256 0.041353383458646614 0.04887218045112782
163.500 0.0 0.9097744360902256 0.041353383458646614 0.04887218045112782
164.000 0.0 0.9097744360902256 0.041353383458646614 0.04887218045112782
164.500 0.0 0.9135338345864662 0.03759398496240601 0.04887218045112782
165.000 0.0 0.9135338345864662 0.03759398496240601 0.04887218045112782
165.500 0.0 0.9172932330827067 0.03383458646616541 0.04887218045112782
166.000 0.0 0.924812030075188 0.02631578947368421 0.04887218045112782
166.500 0.0 0.9210526315789473 0.03007518796992481 0.04887218045112782
167.000 0.0 0.9210526315789473 0.03007518796992481 0.04887218045112782
167.500 0.0 0.9210526315789473 0.03007518796992481 0.04887218045112782
168.000 0.0 0.9210526315789473 0.03007518796992481 0.04887218045112782
168.500 0.0 0.9210526315789473 0.03007518796992481 0.04887218045112782
169.000 0.0 0.9210526315789473 0.03007518796992481 0.04887218045112782
169.500 0.0 0.9172932330827067 0.03383458646616541 0.04887218045112782
170.000 0.0 0.9135338345864662 0.03759398496240601 0.04887218045112782
170.500 0.0 0.9210526315789473 0.03007518796992481 0.04887218045112782
171.000 0.0 0.924812030075188 0.02631578947368421 0.04887218045112782
171.500 0.0 0.924812030075188 0.02631578947368421 0.04887218045112782
172.000 0.0 0.924812030075188 0.02631578947368421 0.04887218045112782
172.500 0.0 0.924812030075188 0.02631578947368421 0.04887218045112782
173.000 0.0 0.924812030075188 0.02631578947368421 0.04887218045112782
173.500 0.0 0.924812030075188 0.02631578947368421 0.04887218045112782
174.000 0.0 0.924812030075188 0.02631578947368421 0.04887218045112782
174.500 0.0 0.9210526315789473 0.03007518796992481 0.04887218045112782
175.000 0.0 0.9172932330827067 0.03383458646616541 0.04887218045112782
175.500 0.0 0.9135338345864662 0.03759398496240601 0.04887218045112782
176.000 0.0 0.9135338345864662 0.03759398496240601 0.04887218045112782
176.500 0.0 0.9172932330827067 0.03383458646616541 0.04887218045112782
177.000 0.0 0.9172932330827067 0.03383458646616541 0.04887218045112782
177.500 0.0 0.9210526315789473 0.03007518796992481 0.04887218045112782
178.000 0.0 0.9210526315789473 0.03007518796992481 0.04887218045112782
178.500 0.0 0.9172932330827067 0.03383458646616541 0.04887218045112782
179.000 0.0 0.9172932330827067 0.03383458646616541 0.04887218045112782
179.500 0.0 0.9172932330827067 0.03383458646616541 0.04887218045112782
180.000 0.0 0.9172932330827067 0.03383458646616541 0.04887218045112782
180.500 0.0 0.9210526315789473 0.03007518796992481 0.04887218045112782
181.000 0.0 0.9135338345864662 0.03759398496240601 0.04887218045112782
181.500 0.0 0.9135338345864662 0.03759398496240601 0.04887218045112782
182.000 0.0 0.9172932330827067 0.03383458646616541 0.04887218045112782
182.500 0.0 0.9135338345864662 0.03759398496240601 0.04887218045112782
183.000 0.0 0.9135338345864662 0.03759398496240601 0.04887218045112782
183.500 0.0 0.9135338345864662 0.03759398496240601 0.04887218045112782
184.000 0.0 0.9135338345864662 0.03759398496240601 0.04887218045112782
184.500 0.0 0.9135338345864662 0.03759398496240601 0.04887218045112782
185.000 0.0 0.9135338345864662 0.03759398496240601 0.04887218045112782
185.500 0.0 0.9210526315789473 0.03007518796992481 0.04887218045112782
186.000 0.0 0.924812030075188 0.02631578947368421 0.04887218045112782
186.500 0.0 0.924812030075188 0.02631578947368421 0.04887218045112782
187.000 0.0 0.924812030075188 0.02631578947368421 0.04887218045112782
187.500 0.0 0.924812030075188 0.02631578947368421 0.04887218045112782
188.000 0.0 0.924812030075188 0.02631578947368421 0.04887218045112782
188.500 0.0 0.9210526315789473 0.02631578947368421 0.05263157894736842
189.000 0.0 0.9210526315789473 0.02631578947368421 0.05263157894736842
189.500 0.0 0.9210526315789473 0.02631578947368421 0.05263157894736842
190.000 0.0 0.9210526315789473 0.02631578947368421 0.05263157894736842
190.500 0.0 0.9210526315789473 0.02631578947368421 0.05263157894736842
191.000 0.0 0.9210526315789473 0.02631578947368421 0.05263157894736842
191.500 0.0 0.9210526315789473 0.02631578947368421 0.05263157894736842
192.000 0.0 0.9210526315789473 0.03007518796992481 0.04887218045112782
192.500 0.0 0.9210526315789473 0.02631578947368421 0.05263157894736842
193.000 0.0 0.9210526315789473 0.02631578947368421 0.05263157894736842
193.500 0.0 0.9210526315789473 0.02631578947368421 0.05263157894736842
194.000 0.0 0.9172932330827067 0.03007518796992481 0.05263157894736842
194.500 0.0 0.9172932330827067 0.03007518796992481 0.05263157894736842
195.000 0.0 0.9172932330827067 0.03007518796992481 0.05263157894736842
195.500 0.0 0.9097744360902256 0.03759398496240601 0.05263157894736842
196.000 0.0 0.9097744360902256 0.03759398496240601 0.05263157894736842
196.500 0.0 0.9135338345864662 0.03383458646616541 0.05263157894736842
197.000 0.0 0.9135338345864662 0.03383458646616541 0.05263157894736842
197.500 0.0 0.9172932330827067 0.03007518796992481 0.05263157894736842
198.000 0.0 0.9172932330827067 0.03007518796992481 0.05263157894736842
198.500 0.0 0.9172932330827067 0.03007518796992481 0.05263157894736842
199.000 0.0 0.9172932330827067 0.03007518796992481 0.05263157894736842
199.500 0.0 0.9210526315789473 0.02631578947368421 0.05263157894736842
200.000 0.0 0.9210526315789473 0.02631578947368421 0.05263157894736842
