0.000 0.0 0.0 1.0
0.500 0.0 0.0 1.0
1.000 0.0 0.015873015873015872 0.9841269841269841
1.500 0.0 0.031746031746031744 0.9682539682539683
2.000 0.0 0.1111111111111111 0.8888888888888888
2.500 0.0 0.2222222222222222 0.7777777777777778
3.000 0.0 0.31746031746031744 0.6825396825396826
3.500 0.0 0.42857142857142855 0.5714285714285714
4.000 0.0 0.49206349206349204 0.5079365079365079
4.500 0.0 0.49206349206349204 0.5079365079365079
5.000 0.0 0.5396825396825397 0.4603174603174603
5.500 0.0 0.5396825396825397 0.4603174603174603
6.000 0.0 0.5396825396825397 0.4603174603174603
6.500 0.0 0.5396825396825397 0.4603174603174603
7.000 0.0 0.5396825396825397 0.4603174603174603
7.500 0.0 0.5555555555555556 0.4444444444444444
8.000 0.0 0.5555555555555556 0.4444444444444444
8.500 0.0 0.5714285714285714 0.42857142857142855
9.000 0.0 0.5873015873015873 0.4126984126984127
9.500 0.0 0.6031746031746031 0.3968253968253968
10.000 0.0 0.6031746031746031 0.3968253968253968
10.500 0.0 0.6031746031746031 0.3968253968253968
11.000 0.015873015873015872 0.6190476190476191 0.36507936507936506
11.500 0.015873015873015872 0.6507936507936508 0.3333333333333333
12.000 0.015873015873015872 0.6825396825396826 0.30158730158730157
12.500 0.031746031746031744 0.6666666666666666 0.30158730158730157
13.000 0.047619047619047616 0.6349206349206349 0.31746031746031744
13.500 0.09523809523809523 0.5873015873015873 0.31746031746031744
14.000 0.12698412698412698 0.5555555555555556 0.31746031746031744
14.500 0.19047619047619047 0.5079365079365079 0.30158730158730157
15.000 0.23809523809523808 0.47619047619047616 0.2857142857142857
15.500 0.2698412698412698 0.4603174603174603 0.2698412698412698
16.000 0.30158730158730157 0.42857142857142855 0.2698412698412698
16.500 0.30158730158730157 0.4603174603174603 0.23809523809523808
17.000 0.30158730158730157 0.47619047619047616 0.2222222222222222
17.500 0.36507936507936506 0.4444444444444444 0.19047619047619047
18.000 0.36507936507936506 0.4444444444444444 0.19047619047619047
18.500 0.38095238095238093 0.4126984126984127 0.20634920634920634
19.000 0.38095238095238093 0.4126984126984127 0.20634920634920634
19.500 0.38095238095238093 0.42857142857142855 0.19047619047619047
20.000 0.3968253968253968 0.4126984126984127 0.19047619047619047
20.500 0.4126984126984127 0.3968253968253968 0.19047619047619047
21.000 0.42857142857142855 0.3968253968253968 0.1746031746031746
21.500 0.42857142857142855 0.4126984126984127 0.15873015873015872
22.000 0.4444444444444444 0.3968253968253968 0.15873015873015872
22.500 0.4444444444444444 0.4444444444444444 0.1111111111111111
23.000 0.4444444444444444 0.4444444444444444 0.1111111111111111
23.500 0.4444444444444444 0.4444444444444444 0.1111111111111111
24.000 0.4603174603174603 0.42857142857142855 0.1111111111111111
24.500 0.4603174603174603 0.42857142857142855 0.1111111111111111
25.000 0.5079365079365079 0.38095238095238093 0.1111111111111111
25.500 0.5555555555555556 0.3492063492063492 0.09523809523809523
26.000 0.5555555555555556 0.3492063492063492 0.09523809523809523
26.500 0.5555555555555556 0.3492063492063492 0.09523809523809523
27.000 0.5714285714285714 0.3333333333333333 0.09523809523809523
27.500 0.5873015873015873 0.31746031746031744 0.09523809523809523
28.000 0.5714285714285714 0.3333333333333333 0.09523809523809523
28.500 0.5873015873015873 0.31746031746031744 0.09523809523809523
29.000 0.5873015873015873 0.3333333333333333 0.07936507936507936
29.500 0.5714285714285714 0.3492063492063492 0.07936507936507936
30.000 0.5714285714285714 0.38095238095238093 0.047619047619047616
30.500 0.5873015873015873 0.36507936507936506 0.047619047619047616
31.000 0.5714285714285714 0.36507936507936506 0.06349206349206349
31.500 0.5714285714285714 0.36507936507936506 0.06349206349206349
32.000 0.5873015873015873 0.36507936507936506 0.047619047619047616
32.500 0.5873015873015873 0.36507936507936506 0.047619047619047616
33.000 0.5873015873015873 0.38095238095238093 0.031746031746031744
33.500 0.5873015873015873 0.38095238095238093 0.031746031746031744
34.000 0.5873015873015873 0.38095238095238093 0.031746031746031744
34.500 0.5714285714285714 0.38095238095238093 0.047619047619047616
35.000 0.5714285714285714 0.38095238095238093 0.047619047619047616
35.500 0.5714285714285714 0.38095238095238093 0.047619047619047616
36.000 0.5714285714285714 0.38095238095238093 0.047619047619047616
36.500 0.5714285714285714 0.3968253968253968 0.031746031746031744
37.000 0.5714285714285714 0.3968253968253968 0.031746031746031744
37.500 0.5714285714285714 0.3968253968253968 0.031746031746031744
38.000 0.5714285714285714 0.38095238095238093 0.047619047619047616
38.500 0.5873015873015873 0.36507936507936506 0.047619047619047616
39.000 0.5873015873015873 0.36507936507936506 0.047619047619047616
39.500 0.5714285714285714 0.38095238095238093 0.047619047619047616
40.000 0.5873015873015873 0.36507936507936506 0.047619047619047616
40.500 0.5873015873015873 0.36507936507936506 0.047619047619047616
41.000 0.5873015873015873 0.36507936507936506 0.047619047619047616
41.500 0.5873015873015873 0.36507936507936506 0.047619047619047616
42.000 0.5873015873015873 0.38095238095238093 0.031746031746031744
42.500 0.5873015873015873 0.38095238095238093 0.031746031746031744
43.000 0.5873015873015873 0.38095238095238093 0.031746031746031744
43.500 0.5873015873015873 0.38095238095238093 0.031746031746031744
44.000 0.6031746031746031 0.36507936507936506 0.031746031746031744
44.500 0.5873015873015873 0.38095238095238093 0.031746031746031744
45.000 0.6031746031746031 0.38095238095238093 0.015873015873015872
45.500 0.6031746031746031 0.38095238095238093 0.015873015873015872
46.000 0.6031746031746031 0.36507936507936506 0.031746031746031744
46.500 0.6349206349206349 0.3333333333333333 0.031746031746031744
47.000 0.6349206349206349 0.3333333333333333 0.031746031746031744
47.500 0.6666666666666666 0.30158730158730157 0.031746031746031744
48.000 0.6825396825396826 0.2857142857142857 0.031746031746031744
48.500 0.6984126984126984 0.2857142857142857 0.015873015873015872
49.000 0.6825396825396826 0.30158730158730157 0.015873015873015872
49.500 0.6825396825396826 0.30158730158730157 0.015873015873015872
50.000 0.6825396825396826 0.30158730158730157 0.015873015873015872
50.500 0.6451612903225806 0.3387096774193548 0.016129032258064516
51.000 0.6451612903225806 0.3225806451612903 0.03225806451612903
51.500 0.6451612903225806 0.3064516129032258 0.04838709677419355
52.000 0.6774193548387096 0.27419354838709675 0.04838709677419355
52.500 0.6451612903225806 0.2903225806451613 0.06451612903225806
53.000 0.6451612903225806 0.2903225806451613 0.06451612903225806
53.500 0.6451612903225806 0.2903225806451613 0.06451612903225806
54.000 0.6290322580645161 0.3064516129032258 0.06451612903225806
54.500 0.6451612903225806 0.2903225806451613 0.06451612903225806
55.000 0.6451612903225806 0.2903225806451613 0.06451612903225806
55.500 0.6129032258064516 0.2903225806451613 0.0967741935483871
56.000 0.6129032258064516 0.2903225806451613 0.0967741935483871
56.500 0.6129032258064516 0.3225806451612903 0.06451612903225806
57.000 0.5967741935483871 0.3387096774193548 0.06451612903225806
57.500 0.6129032258064516 0.3225806451612903 0.06451612903225806
58.000 0.6129032258064516 0.3064516129032258 0.08064516129032258
58.500 0.6129032258064516 0.3064516129032258 0.08064516129032258
59.000 0.6129032258064516 0.3064516129032258 0.08064516129032258
59.500 0.6129032258064516 0.3064516129032258 0.08064516129032258
60.000 0.5967741935483871 0.3225806451612903 0.08064516129032258
60.500 0.5806451612903226 0.3225806451612903 0.0967741935483871
61.000 0.5806451612903226 0.3225806451612903 0.0967741935483871
61.500 0.5483870967741935 0.3548387096774194 0.0967741935483871
62.000 0.5645161290322581 0.3387096774193548 0.0967741935483871
62.500 0.5645161290322581 0.3387096774193548 0.0967741935483871
63.000 0.5967741935483871 0.2903225806451613 0.11290322580645161
63.500 0.5806451612903226 0.2903225806451613 0.12903225806451613
64.000 0.5967741935483871 0.27419354838709675 0.12903225806451613
64.500 0.6129032258064516 0.25806451612903225 0.12903225806451613
65.000 0.6129032258064516 0.27419354838709675 0.11290322580645161
65.500 0.6451612903225806 0.25806451612903225 0.0967741935483871
66.000 0.6612903225806451 0.22580645161290322 0.11290322580645161
66.500 0.6451612903225806 0.24193548387096775 0.11290322580645161
67.000 0.6612903225806451 0.22580645161290322 0.11290322580645161
67.500 0.6451612903225806 0.25806451612903225 0.0967741935483871
68.000 0.6451612903225806 0.24193548387096775 0.11290322580645161
68.500 0.6774193548387096 0.20967741935483872 0.11290322580645161
69.000 0.6774193548387096 0.20967741935483872 0.11290322580645161
69.500 0.6774193548387096 0.20967741935483872 0.11290322580645161
70.000 0.6774193548387096 0.24193548387096775 0.08064516129032258
70.500 0.6612903225806451 0.24193548387096775 0.0967741935483871
71.000 0.6612903225806451 0.27419354838709675 0.06451612903225806
71.500 0.6774193548387096 0.25806451612903225 0.06451612903225806
72.000 0.6451612903225806 0.3225806451612903 0.03225806451612903
72.500 0.6612903225806451 0.3064516129032258 0.03225806451612903
73.000 0.6774193548387096 0.2903225806451613 0.03225806451612903
73.500 0.6774193548387096 0.2903225806451613 0.03225806451612903
74.000 0.6612903225806451 0.3064516129032258 0.03225806451612903
74.500 0.6774193548387096 0.2903225806451613 0.03225806451612903
75.000 0.6774193548387096 0.2903225806451613 0.03225806451612903
75.500 0.6774193548387096 0.27419354838709675 0.04838709677419355
76.000 0.6935483870967742 0.25806451612903225 0.04838709677419355
76.500 0.6774193548387096 0.27419354838709675 0.04838709677419355
77.000 0.6612903225806451 0.27419354838709675 0.06451612903225806
77.500 0.6774193548387096 0.27419354838709675 0.04838709677419355
78.000 0.6935483870967742 0.25806451612903225 0.04838709677419355
78.500 0.6935483870967742 0.25806451612903225 0.04838709677419355
79.000 0.6935483870967742 0.27419354838709675 0.03225806451612903
79.500 0.6935483870967742 0.27419354838709675 0.03225806451612903
80.000 0.6935483870967742 0.25806451612903225 0.04838709677419355
80.500 0.6935483870967742 0.25806451612903225 0.04838709677419355
81.000 0.7096774193548387 0.24193548387096775 0.04838709677419355
81.500 0.7096774193548387 0.22580645161290322 0.06451612903225806
82.000 0.7096774193548387 0.22580645161290322 0.06451612903225806
82.500 0.7258064516129032 0.22580645161290322 0.04838709677419355
83.000 0.7377049180327869 0.22950819672131148 0.03278688524590164
83.500 0.7213114754098361 0.26229508196721313 0.01639344262295082
84.000 0.7213114754098361 0.2459016393442623 0.03278688524590164
84.500 0.7213114754098361 0.2459016393442623 0.03278688524590164
85.000 0.7377049180327869 0.22950819672131148 0.03278688524590164
85.500 0.7213114754098361 0.2459016393442623 0.03278688524590164
86.000 0.7049180327868853 0.26229508196721313 0.03278688524590164
86.500 0.7049180327868853 0.2459016393442623 0.04918032786885246
87.000 0.7049180327868853 0.2459016393442623 0.04918032786885246
87.500 0.7049180327868853 0.2459016393442623 0.04918032786885246
88.000 0.7 0.25 0.05
88.500 0.6833333333333333 0.23333333333333334 0.08333333333333333
89.000 0.7 0.2 0.1
89.500 0.7 0.2 0.1
90.000 0.7333333333333333 0.18333333333333332 0.08333333333333333
90.500 0.7333333333333333 0.2 0.06666666666666667
91.000 0.7333333333333333 0.2 0.06666666666666667
91.500 0.7333333333333333 0.21666666666666667 0.05
92.000 0.7 0.23333333333333334 0.06666666666666667
92.500 0.7 0.25 0.05
93.000 0.7333333333333333 0.23333333333333334 0.03333333333333333
93.500 0.7333333333333333 0.23333333333333334 0.03333333333333333
94.000 0.7166666666666667 0.25 0.03333333333333333
94.500 0.7333333333333333 0.23333333333333334 0.03333333333333333
95.000 0.75 0.21666666666666667 0.03333333333333333
95.500 0.7333333333333333 0.21666666666666667 0.05
96.000 0.7333333333333333 0.21666666666666667 0.05
96.500 0.7166666666666667 0.23333333333333334 0.05
97.000 0.75 0.21666666666666667 0.03333333333333333
97.500 0.75 0.21666666666666667 0.03333333333333333
98.000 0.7586206896551724 0.2413793103448276 0.0
98.500 0.7413793103448276 0.2413793103448276 0.017241379310344827
99.000 0.7758620689655172 0.20689655172413793 0.017241379310344827
99.500 0.7586206896551724 0.22413793103448276 0.017241379310344827
100.000 0.7586206896551724 0.22413793103448276 0.017241379310344827
